0.028379249
1.3550966
-0.37689173
2.1869196
-1.7689638
-0.66351595
-2.0063345
-1.7355398
-0.98369115
-1.1077008
2.4825536
0.37395713
-1.4505105
1.7148907
-0.94863192
1.0431176
-1.1852579
0.4336706
-0.074848959
-2.2036273
-0.11402191
-0.63425447
-1.0627748
-0.30541946
-1.6469723
1.6027356
0.28186839
-2.1569316
2.7082084
-1.4279493
0.053353769
-1.4733844
-0.82427078
-0.90638587
-0.88971906
0.15632782
-0.41989034
-1.5203752
1.163634
-0.45914432
-0.51491946
-0.55476525
-2.7734522
-0.35445198
-0.47485723
0.39044789
-2.2411241
-0.75503135
-2.1386947
-2.0101687
0.21319257
0.56792348
-0.40382011
0.16028687
-0.20532509
1.7612627
-2.2952184
-0.30943348
-1.348546
0.70719113
0.050818104
-0.19780379
-1.6596685
-0.17487578
-1.4170696
-1.4072324
-0.38509048
-1.8489371
0.62767478
1.8391095
0.54480391
2.5087076
1.0911986
-0.54947824
-1.2325995
-1.4141617
0.33383719
-0.33224476
-1.0673978
-0.25340622
-0.56066521
-0.89515129
-0.58410607
-0.58479968
-0.89388045
-2.3687752
-0.51617283
-0.46157657
-1.557292
-0.69168788
1.0740529
-1.6338811
-1.4789813
1.3220469
-1.9801617
-1.607764
-1.7119432
-0.93877065
0.15396097
-1.3056766
-0.72849541
1.9817717
-0.50438798
-2.3296608
-1.3324417
-1.6637759
0.15532048
0.71690682
-1.1842293
-1.8301267
0.74215273
-0.8643693
-0.067201523
-2.0268657
-1.6058642
-1.7967862
-2.5299245
-2.6382926
-1.502733
-0.17917599
0.16651237
-0.99581609
-1.1422476
-1.0726224
-1.2579515
-1.8071394
1.5491991
-0.13130103
-0.3683525
-0.05929859
-1.3483055
-0.47859731
0.75420462
-0.57078811
-0.70426556
-0.77831404
2.2114163
0.0051250818
-1.0456209
-2.1570673
-0.094945426
0.0060664764
-1.3051066
-0.3766162
-1.0832399
-1.2153363
-0.37201014
-1.1297846
2.2355312
-1.4861308
-1.7686089
-0.062701017
-0.39708609
0.4365472
-1.3972633
-0.50324052
-1.5134012
1.6601328
1.6281367
-1.8746496
-2.6322998
-0.33740101
0.89240421
-2.2950337
-1.5117379
1.1070812
-1.6231658
-0.10169526
-1.0093125
-2.0184374
-2.083739
-0.19918269
1.7647747
1.0177406
-0.26169821
-0.37816466
-0.40224585
-0.38952196
-0.987475
0.62282979
-1.045414
0.22936809
-0.45019171
2.2919592
0.70648503
-1.9841738
1.492779
0.67345177
2.3391292
-1.2674686
-0.53178832
-1.9937356
1.7637082
-1.9347184
2.2126414
-1.4436352
-0.82531529
-0.65381607
-2.007712
0.27764672
1.3340613
-0.077080029
-0.41686674
-0.87673169
-0.35254783
-0.39336683
-1.4734334
0.78652051
-0.88342906
-1.1221323
-1.4075786
0.02306504
-1.2698964
-0.68250487
-1.5206305
1.5866713
0.21699168
0.11372469
-0.13258386
1.1219293
-0.23722722
0.54258041
0.57376479
0.078516837
-0.23770485
0.44246344
-0.09990112
-1.4218471
-0.21920146
-0.26799643
1.4791821
0.71190271
-0.13888732
-0.21653188
-0.37487836
-0.75566322
-0.24175138
-1.0497015
-2.566681
-1.1972867
0.68387251
0.31622849
-0.094221663
-2.0049629
-0.5930539
-0.16567973
2.1968322
-1.1918857
-2.108761
-0.032969566
-2.0142341
-0.5936625
-1.8737513
0.19777557
-0.032586396
-1.0443524
0.14576372
0.29563161
-0.50126118
1.6499565
-0.63900753
0.58719531
-0.41601656
-0.57546642
-1.4362718
-1.265612
1.8900733
-1.7386105
0.028957689
1.4201938
-0.0049008192
1.8487446
-1.2232401
-1.4927483
-1.3545517
-2.3397456
-0.40403892
-0.0050715284
0.032193728
-1.0382113
0.68419435
-1.9216699
-0.65377549
-0.34028723
-1.0846018
-0.46132659
-0.83056596
-1.6684572
-0.40505708
-0.60504269
-1.8691922
1.6153646
-0.93874366
-1.4999586
1.8386556
-1.732806
2.4245871
1.7509974
-0.035987088
0.27134785
-1.1339317
-1.2857607
-1.5433017
-1.1301175
-1.4739919
1.62185
0.41590335
-1.516432
-2.1231259
0.16290202
0.68268069
1.9687323
1.7887341
-0.096119041
-1.3019598
-0.96869779
-0.42077647
-0.0517564
0.66177804
0.32602211
-0.80095723
-0.34138109
-1.2079339
0.73641043
0.98500542
-1.7074332
-0.38920476
1.8675178
-0.73036295
-1.3152126
-1.3003863
0.10356754
-1.2407078
-0.21264039
0.46857702
0.54748457
-1.5820581
0.19308461
0.80471194
-1.1171969
0.65319123
-0.85650869
-1.0089412
1.7630177
-0.1533373
-1.3275996
1.9612453
0.17578589
-0.14544108
-1.2786239
-1.9661959
0.71054082
2.2677092
0.02836062
-1.0376701
-0.041877155
0.26348534
-0.43038229
-0.38442008
-1.7148786
-2.0049131
-1.431479
0.36410439
-0.40550027
-0.25572235
1.5239726
-0.53256676
-0.56359012
-0.74856677
0.83408181
-1.0217044
-0.098335731
1.2612246
-0.087961439
-0.65705676
-0.0070075408
-1.8869119
-0.63889643
-1.0922996
-1.6411883
1.5486149
-0.53411773
0.43391901
-0.40468095
-0.85039613
-0.52245113
1.5598446
-1.3210028
-0.57390287
-1.8754129
-0.038018912
0.14287091
-1.5207269
-0.8932504
-0.82112412
0.65246412
-0.45119286
0.29471296
-1.570814
-1.9729371
1.0909427
-0.36322511
0.13069752
-0.50768934
-0.25657464
-1.9666183
1.7880369
2.0949451
2.1367178
-1.75943
-0.15500504
-0.50978292
0.83146955
0.73694847
-1.9248598
-0.25960355
-0.97756844
-1.9903326
0.035991157
-0.95306802
-1.036853
1.5551117
-1.489568
-0.10790226
1.8689118
-1.8867946
-0.79407878
-1.143432
-1.9863509
-0.78893044
-0.33496874
-0.56759141
-2.4707771
-0.23271461
-1.1004006
-0.34080857
-0.21480888
0.46766732
0.45984861
0.5196786
2.3590756
1.9614361
-0.020217298
1.3378224
0.25881202
2.073765
0.087472428
-0.84188051
0.3167264
0.62877542
0.90214803
0.39884031
-0.38207232
0.4203884
-0.87184086
-0.89001741
0.54900414
0.12278251
-0.87314406
1.4970955
-0.5523204
-1.4670557
-0.46332744
-0.97849701
-0.56331013
-0.047359952
-0.72882466
0.055727068
-0.80835225
-0.26923338
0.26262955
-0.893178
-1.4040133
-0.62577122
-0.34769457
-1.7975081
-0.85016434
-0.35098917
-0.9958625
0.35350013
-0.27039217
-1.323134
0.0083884707
0.89216172
-2.5478163
1.9910338
-1.3754045
-0.96522763
-1.1450944
-0.42450977
1.003937
-0.18355941
0.63356062
0.53674874
0.0076951741
0.71029419
-1.8403564
-2.2924277
0.941164
-0.47344337
