-0.37075917
2.0935072
0.34446347
0.63904177
-1.2789447
-0.059392487
-1.2906588
-1.2058001
0.49953598
-2.1220904
0.17915561
0.60254749
-1.9700871
-1.111784
-0.0073235912
-0.054414437
-1.8633758
0.092554264
0.525864
-1.0601852
-3.138431
0.00031246521
0.17690505
-0.072958277
-1.204999
-0.23456793
-0.72946845
-1.5226441
0.7385058
-0.036034055
-0.97798068
-0.58746395
-0.38815289
0.6565358
0.302301
2.3338705
0.57535878
-0.32714217
1.7761383
0.1077482
0.033095027
-0.21504065
-1.7095943
2.4246378
0.74815282
-0.89443633
-0.43865872
1.7544738
-2.4766702
-1.259036
0.75820951
-0.042984305
-0.74212353
-0.43727532
1.2050066
0.026723628
-1.326292
-0.096103639
-1.8302683
-0.67750399
-0.77131894
1.2567739
-1.2405898
1.0605329
-0.072217126
-1.3500134
0.3998006
-0.80188638
-0.82158663
0.58705172
-0.16331283
-0.36998605
2.4266985
-1.3301429
-0.27270037
-0.18645612
-0.45436635
0.9476838
-2.4191649
-0.52759689
-2.2711615
0.089066954
2.9072277
-1.5946354
-0.38689066
-1.7169546
-0.5079835
-0.2501082
0.32642803
0.59300119
-0.72496063
0.50601513
-1.1499905
-0.76889588
0.22099459
-1.2072607
-1.0522999
-0.062266751
0.76523469
-2.0783728
0.44973316
-0.15861671
-1.1739595
-0.88102084
-1.6867071
-1.4198375
1.7567031
0.9064484
-2.8950984
-0.72880139
0.53682489
0.18874499
-0.45051423
-1.4688742
0.38680245
-1.0018119
-1.3241528
-0.37714707
-1.4233016
1.2312015
-0.70132658
-0.28013785
-0.19842326
0.053419179
-1.5246842
-1.4330936
-0.028417045
-0.64409451
-0.30347618
-0.71061621
-0.24556874
0.57291545
0.36249175
0.8480682
0.21775119
0.22793847
-0.25917579
0.8411256
0.23099834
-0.73009081
0.74242384
-0.76117815
1.1056765
0.48366533
0.0473045
-0.44000855
-0.3696404
1.9338452
-0.08624015
-0.054593751
-1.8734651
-0.58477465
-0.40142095
-0.37884915
-0.35600727
-0.45195259
0.043101505
-0.58890202
2.0935425
-0.77757077
-1.1302141
0.99461693
-0.021798205
-1.2209449
0.6206627
-0.84601654
-1.2022907
0.7438095
0.12995194
-1.8917633
-1.5428342
0.63623539
2.1796313
-0.031731398
2.3589154
-0.40374111
-0.01260216
-0.25891345
-0.013197851
0.71784772
-0.35929924
0.31396622
-0.34511268
0.13155649
0.11114655
-1.5408513
2.6667095
-0.04666508
0.51224433
-0.57154151
0.1184771
-0.54669073
0.91639471
-0.63931619
-0.59935586
0.72435124
0.53014837
1.0689971
-1.8401398
2.589568
1.0093522
0.3542969
0.54902
-0.41522341
0.3669784
-0.17256666
-1.8839004
-1.0168017
2.9978562
-2.4908547
-1.1973631
-1.251125
-2.2913581
-0.0077358556
-1.8195913
0.24584968
-0.62679921
0.95425391
-1.0297245
-0.63324001
-1.766698
1.759803
1.624393
-0.14541316
0.47837056
2.0298492
-0.23093274
-0.63225837
0.20882445
-0.62179418
0.58559509
0.31200036
0.14129384
-0.50954479
0.08427229
-1.1696552
2.9614159
2.3584443
-1.2349672
-0.27322048
-0.19206554
-0.82126954
-0.24481307
0.12393193
1.560835
0.61695632
-0.015700158
2.0544938
-1.9193155
2.3543654
-2.2619382
-0.044860359
-1.8196487
-0.85386375
-0.20756657
0.25623864
2.2326288
0.75445816
2.3992937
0.22970348
0.52630706
-0.11053253
-0.49332005
-0.48663053
-1.5545031
0.21419362
-0.18617996
-0.42056523
-0.094580167
-0.16804979
-0.32633242
-0.16727179
-0.38875635
-1.4603527
-1.4742866
-1.8740867
0.24244611
-0.76199489
2.2643379
-0.21741665
2.3771318
-2.0055331
0.21029627
-1.1121394
-1.7202855
2.8704041
1.2955376
-0.98599198
-0.085969365
-0.56008889
-1.5142531
2.2657332
-1.6537684
2.0878939
-0.12308565
-2.0474967
0.2884172
0.35632545
2.3975731
-0.36700002
0.33901473
0.79808821
-0.019922028
1.2137676
-1.4953998
1.0794105
2.3933678
-0.39577474
-1.4373611
0.79373519
-0.16804214
-0.016243258
-0.34815964
0.48559592
-0.13331046
-1.4290446
0.60691999
0.25076234
1.4665826
-0.12131947
-0.88889625
0.40550603
-2.222489
-0.11746114
-0.81066964
-0.71244713
2.5661358
-0.33839611
-0.32088197
-0.022982929
-0.20789623
2.2134233
-0.26466084
-0.16423116
-0.24286339
0.56780438
-1.9871907
-0.071048174
-0.32575193
1.0894029
0.94361083
0.20427664
-0.30337908
0.30709659
0.072812112
-0.46782435
0.25580046
-0.79789239
0.57392862
-0.21726975
-0.67157614
-0.51659649
0.77594124
0.29957009
1.0030366
-0.18145043
-1.695564
-0.21924496
-1.7234762
-1.5829329
-0.43844835
-0.041195729
1.8123744
2.8299954
-0.21048324
-0.52133822
0.54276863
0.057508597
0.70928754
-0.66640319
0.20801341
3.0611984
0.49190815
0.020480329
0.14594055
-0.40188839
-2.0874179
-0.13357891
-0.1269547
-1.1853415
0.68383833
0.47232948
-0.91134573
-0.19562626
0.59867492
0.045997195
-0.42786464
1.7400076
0.66219355
-1.9910297
1.90422
0.92026652
0.21120634
-0.28060184
-1.2398642
-1.0754274
2.9451924
0.049524484
-1.3800941
-0.033087358
2.2239466
-0.031038147
0.82433868
-0.2552043
1.1631069
-1.1216713
-1.6149843
-0.38199397
0.54284186
-0.17013812
-0.69460152
-0.40690315
-1.6883672
-0.68923612
-1.2622185
-1.3451844
0.29353631
-1.9368191
2.7618742
-0.17203923
-0.13450098
1.7540735
-1.9068313
3.2601866
-0.28915083
-0.046920895
-1.6994969
-0.40222579
-0.64017744
0.25370709
0.34481447
0.38911954
0.013162334
-0.83499639
-1.4367929
-0.5614232
-0.17350965
0.12121376
-0.65117458
-0.47509385
-0.39914692
0.059634599
-0.72260477
0.12618161
1.4555938
0.22905723
0.0050170105
-1.4786112
-1.1321354
0.7423474
-0.9032083
-0.11500104
2.5227034
1.4704951
-1.7461126
0.30784897
0.92816929
-0.099977532
-0.034931769
-0.3342823
-2.2218526
0.51981644
0.37620807
-0.035480417
-0.5046777
-1.4406641
-0.34929638
2.8878533
-0.30350929
-0.49770098
0.54114379
-1.4965594
-0.018945012
-0.41519901
-0.31717455
-1.4326631
0.21551392
2.3845199
0.75250268
-0.83656965
0.4776146
-2.2038215
-0.2723689
-0.082500367
-1.681437
-0.0842791
0.16328362
-1.668803
-1.5103979
0.061973409
0.39429182
-1.4585668
2.3387316
1.1480174
-0.014783803
1.1012177
-2.0738761
-0.6197807
-0.35507266
0.95928425
