1.6282695
1.9284936
0.67801634
-0.2872714
0.020509923
1.1700538
-0.46767813
1.0524548
-1.1738854
0.66769971
0.071368268
-1.6757281
0.46734932
-0.072235656
0.59573499
-0.12366266
0.43444588
1.6264945
0.56400753
0.57795135
0.93272935
-2.0386023
-1.9711382
-1.1627474
0.486565
-0.35670601
1.3035147
-0.0057451046
1.0502999
0.36665453
1.1178306
0.87433476
0.79265252
-0.73953358
2.2546942
2.2619535
1.2704966
0.48457015
1.1765259
0.056967016
0.45011849
1.400719
0.40835341
1.5876804
0.28198801
-0.75472182
0.93495049
1.2940041
-0.12132911
0.28836294
-1.7541614
0.78216948
-0.56922692
-0.36772937
-1.8049072
-0.53974682
-0.23881847
1.2278054
0.71709557
0.69033036
1.3836308
0.89325804
-0.0053189496
2.1047064
2.2118058
0.26383688
-0.79520009
0.34353721
1.0634403
-0.472032
1.4298967
-0.76812904
1.7874712
2.1336267
0.084524665
1.8499114
0.85743319
1.1399965
0.80098789
2.1465559
1.0111711
-2.0597194
2.9871049
1.2906649
-0.1428848
-0.2558226
2.4030005
-0.42621685
-2.1695452
0.2292553
1.6625595
-2.4576931
0.88443514
1.6956132
0.33769336
-1.0775636
0.95634021
0.94181065
-2.104981
0.99690302
-1.2667476
-0.72447895
0.48799173
0.54156454
0.44913182
0.91179846
1.7245851
0.018268509
-0.11136853
-0.22549623
1.1364538
2.2039525
0.52173565
1.1062886
1.393967
-0.64105434
0.26242636
0.40772142
0.36123658
0.99090635
0.10422709
-0.81549518
1.188222
-1.6552834
-0.47323634
0.83053422
0.49526733
-0.33365079
1.0377427
-0.22209296
-2.9265062
-2.6343995
-0.32520997
1.8335541
0.92128253
0.36702738
-0.14306205
0.78561193
-2.1880322
-0.19746305
-1.453918
1.7271865
1.910971
0.72045309
2.096805
0.29996297
0.16793986
2.5086963
-0.51464638
0.67889469
0.18251787
1.6003694
0.30766475
0.08256514
0.70958007
-1.114904
-1.3898697
-0.84843378
1.7647148
0.41050377
-0.08700325
-1.8977412
0.44521905
0.63112263
-1.5920483
-0.64585408
0.4902783
-0.021437132
0.22762986
0.28040506
0.36984672
2.9018212
1.953679
1.1810683
2.1043806
1.1888781
0.36001202
-0.28015808
0.65820746
0.94813837
0.95503191
0.075060054
-0.54612138
-0.025379329
0.1372286
-0.21284525
2.7402309
0.33235671
0.6117399
0.63389324
0.93208363
0.60172005
0.65123295
0.62492273
0.61763465
0.42561521
-0.12013908
-2.7822388
0.38571362
3.4627327
1.8184564
-2.4108276
1.0306588
0.23531673
0.61571242
0.36993193
0.21473156
-0.25072375
2.0348568
0.89369072
-0.034588447
0.59347187
0.87129362
1.212329
0.59384646
1.1012698
1.5631316
-2.348881
0.91647537
0.21826106
1.0281938
1.1559423
1.5593376
2.2297989
0.72414724
2.0171402
0.27460336
0.26560445
1.1912832
1.4317535
1.3394651
1.4288668
-0.85391984
1.5789536
1.4239452
0.66921199
2.1710668
1.942935
0.10268176
0.51169637
-0.44748121
0.55544854
0.46424403
1.0906249
1.8370946
0.007033639
-0.75768666
0.23315205
-0.16708494
1.8895292
0.19876622
-0.071181408
0.53531936
-0.31316803
1.7901393
1.6616743
2.0550543
0.12775275
2.0471034
-0.83329278
0.68465787
1.2205691
1.9950132
1.8652303
1.251866
0.61957483
-0.39067239
0.61403158
0.5109695
-0.054817601
1.3975283
-0.22648554
0.54652598
1.0973757
1.1599072
-0.22312013
0.79306773
0.20449241
1.9047684
0.76933939
2.0422181
-0.067711438
1.6446848
0.68612605
0.35208582
1.8473944
-2.2838817
0.40316084
-0.093553413
-0.72359261
-0.048787635
1.7465421
0.60013393
1.770271
0.56779362
0.76281614
0.093829589
-0.56180335
1.7175298
1.5046645
0.44422233
1.4785924
0.31749295
0.88795179
-0.11551782
0.17140915
2.5095472
1.5028645
-0.37279852
0.91624007
0.88973446
-0.23242732
-0.24832896
-0.41172378
0.19219898
0.71903543
-2.2979047
-0.33101288
1.2218142
-0.86124116
1.5160654
2.0001886
0.88417746
1.6848856
0.29355845
-0.44183415
0.90439834
-0.25089292
1.7763268
0.65630105
0.44825163
1.6294708
1.0223219
0.60184715
1.237188
1.3416682
0.96677218
1.4179711
0.71945425
-1.989379
0.34970059
-0.55569352
0.47957737
1.510137
-0.54927045
1.0819639
0.29956742
-0.7490596
0.013619277
1.777339
0.91402049
-0.23940814
0.48960428
-1.6835604
0.63388532
-0.5919587
-0.38136693
0.72148932
1.0897428
0.56090893
0.38658547
-2.3417724
1.739382
1.8409871
-0.11687466
-0.5544978
-0.9116356
0.66203351
-1.6759687
0.90382501
1.9668041
1.9551479
0.33175912
1.0998237
0.94024717
-0.87785061
0.59957031
0.66352381
0.44207625
0.14438154
-0.98840901
0.66001594
0.40150245
1.1400999
-2.3526892
0.79326363
-1.598117
0.97527367
1.0822739
0.41385433
1.3613316
0.50839733
-2.2311594
0.93384694
0.17746997
-0.68305152
2.4666849
-0.19978377
-0.064735892
0.88385066
2.4344762
1.0383715
0.97979588
0.18331823
1.5378766
0.94550648
-0.99663626
0.73352898
1.1707205
0.029609443
1.6974549
1.8547533
0.91046995
1.8259374
1.2599416
0.69646505
0.24338525
0.93285121
2.2792922
0.54008725
0.30711627
1.6708938
0.94669484
2.5532944
-0.99669477
0.31647927
0.47446022
0.43129671
-0.41365051
0.0068126577
0.29139998
1.052696
0.1043849
-0.13877242
1.1330006
1.1171233
0.3870604
1.6442488
1.5407723
-2.2927627
0.18249233
-1.0862881
0.60154796
-0.084154525
1.9435427
-1.3108322
-2.0185095
0.40793535
0.92881992
0.74568737
1.1526047
1.8913747
1.7446194
1.3362329
0.87228343
0.95931754
1.2076639
-1.7176026
0.61245058
-0.41761951
1.1532127
-1.9612839
-2.1255291
-3.0547951
1.387474
1.2672922
0.66482064
1.962378
2.3478576
0.40724576
0.74283194
0.33476621
-1.7185839
0.24227025
0.65967455
0.099572218
0.50404741
2.2886408
-0.52343769
0.85844487
0.36565021
0.53659787
1.2485589
0.31062953
0.056122621
-0.19521028
0.71434768
0.51299851
1.1294228
0.98650483
-0.73308238
-0.68628947
1.9398675
1.7634714
2.0121374
0.72934783
0.52614252
0.58992229
-0.30063074
-1.0852675
