-0.1525626
-2.9113773
-0.59765772
-0.74454534
1.5056106
-0.29378199
0.64208418
1.6607784
-0.44146618
1.1728013
-2.741136
-1.2733216
0.8586614
-1.3933279
-0.97050821
-1.9962791
0.49789708
-0.17549822
-1.3214386
1.922695
1.1727901
-0.26694807
0.38372007
-1.1049754
1.897179
-0.26650197
0.14078418
1.8354525
-2.6384804
-0.70504998
-1.0174259
0.0011324962
-1.4260271
1.6560112
-0.21265419
-2.3684768
-0.52082898
-0.28036516
-2.9071049
-1.0260023
-0.33665055
0.055698964
1.7521147
0.26225477
-1.0508427
-1.0010945
-0.091804811
0.04024731
1.4715542
1.8505288
-0.92691254
-1.5354715
-0.10893187
-0.69049585
-1.0978551
-1.9115297
1.6931094
-0.32203757
1.2742935
-0.24560514
0.34837332
-2.2376308
0.52303702
-1.3592524
1.1875359
1.4936865
-0.21898611
1.7552403
-1.903363
-1.9519999
-0.10226858
-2.0571073
-2.785038
0.27323594
-0.49088566
1.0613719
-1.3115806
-0.90902974
0.65965086
-0.42312041
1.376102
-0.24855003
-0.9345046
0.70791349
-1.373893
2.0176824
-0.40995923
-0.50791586
1.5233058
-0.84313411
-2.2740818
0.25950014
0.48455612
-1.7177179
-0.45286457
1.427071
0.39635176
0.22449896
-1.6250841
0.57708424
-0.18804111
-2.4804671
-1.3777082
2.2754188
-0.27044357
0.6811001
-1.5499011
-1.458217
0.68579779
2.1924404
-2.4524911
-0.83259995
-1.5453382
0.61102407
0.69260714
1.309614
1.4359125
2.0519052
0.7873478
-1.9048398
-3.0690056
0.75001693
0.83184707
0.76792313
1.0925331
0.66324421
-2.1022274
-2.0556524
-2.8086793
-2.2538714
0.49302432
-0.812234
-3.6303938
0.16741272
-2.6595757
-1.2293347
-2.1493982
-1.4769532
0.64872662
0.89400161
-0.44309403
0.53539837
-1.486842
-0.95262702
0.82706607
-0.27292905
-2.5915439
-0.18343587
-2.0959023
1.0503225
0.15176433
-1.8841367
-0.69203633
-2.1328269
0.42980808
-0.94868224
2.2540714
-1.5935842
-2.9661999
2.055933
0.889103
0.0014089892
-3.7286059
2.1691163
1.1569011
-3.0553707
1.7347697
0.73026132
-1.263275
2.2967134
1.6554731
-0.4951348
-3.703657
-0.98187676
-1.7935081
-0.3106998
-0.59473504
-1.2762371
-0.61874828
-4.0412088
-0.11936908
-3.3681542
-1.6851029
-1.6735104
-2.1005148
1.4061956
-3.7558794
-3.4016328
-2.3705394
-0.25447934
-0.89903376
0.15134017
-1.2276774
0.23271714
-1.7957098
-0.016100987
-1.0034203
-0.78468631
1.2658492
-2.5164903
-1.7668791
0.17084788
-0.6351832
-0.29874978
-0.58280031
-0.67854315
0.21061428
-1.7335026
-0.78323007
1.4533803
1.2945088
-0.94816205
0.59615409
-1.0615562
-0.20298667
-0.62523414
-1.6190346
-1.2237374
-0.79193934
-1.0303137
0.063810546
-1.618247
-1.0941007
-0.13013502
-0.32201984
-3.0615646
-2.6138516
1.8441091
-0.61078269
-0.0075366647
-1.1324594
-1.7621707
-3.5613101
-2.0631378
-0.80158045
0.76928804
-2.0497658
-0.3186506
2.6621845
-0.17371715
-3.5352292
-2.1650126
-1.6534157
1.6413244
-0.63643719
0.12830911
-2.7715958
1.4700874
2.0999453
-2.4156606
1.3405859
-0.88070758
1.1658303
-1.185618
0.014773506
-0.3872841
-2.7257311
-2.3717877
-0.1416414
-1.21148
-2.7309105
-2.0137779
0.69089094
0.26405817
0.262523
-1.193728
-2.1576123
-0.14682627
-2.2495082
-0.77047647
-1.7817853
-1.2381101
-0.34964189
-0.57744927
-0.43657429
1.9094906
-1.1956684
-2.0761719
-2.0966544
0.082587579
-3.4813793
0.9295339
-0.82587526
-0.010183611
0.85615549
-2.2040945
-2.0683975
1.7086151
-1.2716512
-1.9262524
-0.59486541
-3.5859329
0.54985254
-0.12326356
-2.0170612
2.1831562
-2.0308369
-1.9287094
-2.3320038
-2.3445059
1.4353834
0.67415522
-0.68960857
-0.28979832
1.2084383
-2.8253761
-2.9711615
0.032308586
0.54239566
-1.8650307
-1.7010693
-1.0130598
-0.76551169
-0.92924423
-0.66912204
0.029770796
-0.4990888
-0.81499122
-1.5628789
-2.1904622
-0.28778315
-2.0382341
1.4109991
-2.0666643
-0.46469406
0.95435507
-0.62062644
-1.0455388
-0.17913222
-0.41758477
-0.14986957
-3.1397525
-0.023232103
-2.3690632
-1.3345694
-2.7987685
0.6955207
-0.095470315
-1.9537242
-1.2941944
-0.97593067
0.48752536
-0.5909431
-2.4580898
-2.4043384
-0.028957025
-1.788526
-2.2352578
-1.4502692
-1.1441868
0.1734727
-3.8658132
-2.7716735
0.71403389
-0.29071262
-2.0278741
-1.2755249
-0.12853562
1.0410244
-0.29954376
1.5056392
0.94442415
-2.4659268
-2.0547331
-2.7786578
-1.667754
0.10202858
-1.3459872
-0.79439407
-1.3071594
0.14586548
-1.5979107
-1.9081896
-2.9623407
-2.2386859
-2.2636988
2.0435748
-0.39754437
-0.30889429
1.8774956
-2.2481297
0.25140912
-1.6571671
0.011689471
-0.012102374
-0.63985557
-0.50195978
-0.52490068
-0.24272429
1.2251926
-0.20805813
-2.879478
1.1255101
-0.27677725
0.2854022
-2.7181378
-0.21141817
-2.7424849
1.9876888
2.3354137
-1.4894537
-2.1480777
-1.6941272
-1.0842246
-1.9081974
1.2878646
-1.9473567
-2.3540529
-3.3516661
-0.83897549
0.53512583
-1.1182035
-1.9425353
-0.71085063
0.73341321
0.34830185
-1.246388
1.3057422
-0.96617122
-0.25913342
0.93845391
-2.9721649
0.33347936
-1.5420649
-2.1150535
1.56482
0.90516448
-0.33384974
1.6205111
-2.4511374
-1.4719047
-1.9646248
1.7798213
-0.97949608
0.18848358
-1.8237814
-2.0853326
-2.8001744
-0.38169391
-0.64684139
-1.6460178
-1.4520785
-1.2492216
-0.99959906
-3.2582529
-0.80947746
-2.2065981
2.0585326
-1.788775
-2.7362547
-2.2883295
-1.8245474
-2.7253292
-2.1671619
1.0144726
-0.43240065
-2.6048792
-1.3746957
-2.599521
-2.3093235
0.011092868
1.0649467
-0.77954668
0.49080314
-1.2716936
-2.1556632
-1.2380898
-2.7581536
-0.09423122
-3.2810181
-2.8557967
0.88035224
1.5972624
-0.48987101
-1.8772881
1.388619
-1.0705845
-2.282207
-0.87560953
-1.630516
-0.70224012
0.66202318
0.01772544
-0.75961279
2.2073703
-1.8897902
-1.1119823
1.605639
0.79514555
-0.33195131
0.96384077
-0.85284932
-3.0460211
-2.583442
-0.18662076
-0.53330422
0.52154578
0.60231416
-1.2241856
-1.3434816
