-2.3376354
3.3249676
-0.79495324
0.51135649
-1.0300717
-1.7373232
-0.43972886
0.29456659
1.0530244
-1.723925
1.2352921
1.0943484
-0.78758839
0.61627928
-0.61775981
2.044074
-1.2675849
-2.5941994
1.3371442
-0.73051349
-0.97211725
1.8425899
-1.0549895
2.2468604
-0.67880826
0.26746118
-1.9596709
-0.234606
1.0942662
0.49377213
1.1049882
-0.30145881
2.1248394
0.85660829
-2.6531023
1.0276035
-2.2554076
-0.71542085
2.00687
-0.29610056
-0.39819316
-1.9849502
-1.1110695
1.2765844
1.227995
2.6218997
0.46360458
0.29422689
-0.022839498
-1.4733725
1.709061
0.93976948
1.5566584
1.4114847
0.65925206
1.8066688
-0.66193906
-0.95092539
-1.0040371
0.6412406
-1.8694663
1.0692883
0.11754491
0.57286728
-2.1026117
0.64205859
-0.31891613
-0.89891974
0.89161552
0.94108845
-2.4200297
0.86937668
1.3041061
-1.3920293
-0.52702514
-1.8080633
2.5262969
-1.2505821
-1.0414615
-2.075117
-1.911336
0.72336169
0.23565806
-2.1342033
0.87297446
0.1158124
-2.8533128
1.1546543
-0.65458828
-1.2402472
1.6790384
0.31791983
-0.33343045
1.5184531
0.1107043
-0.62746177
-0.052098168
-1.7846329
2.1194266
-1.3528545
0.0056114041
1.286319
2.0333672
-0.31915134
0.56559006
-1.0320251
0.63649873
0.68437863
-0.036950591
-0.78925885
2.4417505
-2.4074491
1.7295394
-1.4173222
-2.0453622
-0.54387228
-0.60521214
-0.42920625
-1.0465142
-0.92629571
2.3578181
-0.81175193
-1.635323
0.26651052
-1.4912664
-0.28543138
0.35757273
2.5051946
1.0556271
2.2276605
0.23774108
1.1814201
2.801563
-2.2839679
1.792917
-0.67198484
1.7016536
-0.67072588
-0.10592626
-1.3409191
1.4223393
-2.2658406
-0.37065114
-1.0723755
-1.749232
0.42886795
0.50047636
0.88766198
1.3200824
0.94764107
-0.26969148
-0.041341511
2.0699176
2.2394765
-0.93242811
2.3160907
-0.70209003
0.70276047
1.092086
0.0018440636
-0.38095435
1.2050931
3.1763109
-1.5113248
-1.1839066
2.6002558
-1.0099264
1.4923115
-0.10524592
-0.57913393
-0.33038533
-2.3454196
2.6976477
1.7647611
0.31293711
-0.63133279
-0.25217818
0.085685338
-0.89763028
1.2129334
-1.2294335
1.2997292
2.267113
1.1458674
1.8338788
-1.0730177
0.29101651
2.3517613
1.8222376
0.42661846
-2.1627446
0.77947381
1.3205207
-0.76556533
1.2369846
1.1912337
-0.29649411
1.7561569
-0.60146349
-0.57722815
1.8315707
-0.12676148
-1.1988237
-0.071126684
-0.97995784
1.2801432
-0.084905948
1.6740939
0.0088317127
0.34100288
-1.0611272
1.1486305
-0.25041836
-0.21398194
-0.78556585
0.39340434
0.56444316
2.4829043
1.0332949
2.1580729
-1.8352251
0.46446476
-0.048482145
-2.7000666
-0.42598505
0.48196303
0.098661511
-0.24742058
-0.61025742
-1.7177314
1.5783842
1.6813425
1.8322832
-1.1159136
-1.9103128
-1.4679419
-0.77091455
-0.24635831
-0.7401432
-0.43712425
2.7252783
0.75011348
0.040258019
-1.6022181
-0.56062805
0.88260919
0.93401132
0.81015718
-0.95709938
0.095948686
-0.18893704
0.8125265
-0.60039412
2.4655
-2.1739747
-2.2741547
-0.22493701
1.0056975
0.32171211
1.1350621
1.4708144
1.5835162
-2.320305
-2.2007319
-0.19957987
-0.51036702
2.2835164
-1.0014872
1.38573
-0.27940049
2.335226
0.65084477
-0.67742327
-1.0907952
-1.0459155
-0.9195622
-0.95476423
-0.93645754
-0.23369082
-0.61629569
1.2670939
-1.2249098
-1.949397
1.321147
-0.51124865
0.35230055
1.8886611
-1.0247727
-0.46784221
1.9619006
0.88735674
3.1457964
-1.2639453
-0.043862596
1.5557407
0.24596515
0.89049449
0.95586046
1.8626481
2.1438521
-0.12708216
-2.1974696
-0.45282451
-0.92291748
-1.1152508
2.1430291
0.92654922
-1.7435863
-0.94824419
2.3313023
1.7392434
0.24217605
0.66612644
2.149065
-0.22614193
-1.2707977
2.120834
1.8695052
0.99016203
2.5131494
-1.2962621
-1.9392762
-0.36942633
1.5037885
1.0180942
-0.93144913
2.7875528
0.69583997
-2.1844998
-0.8511025
-0.64908091
0.19176121
-1.2734941
2.3247245
1.3999689
0.80649669
-0.61603987
-2.2480115
1.5607056
1.8433255
1.4188136
-0.52213535
-0.79235248
2.4878785
1.7118492
-1.0131567
0.88266503
2.1563429
-0.49656203
-1.2355606
-0.028337114
2.6666816
1.7807236
0.32584641
-0.56543438
1.4163792
2.9492298
-0.32272658
-1.098192
-0.59749183
-0.72666198
0.46773698
-1.4082913
0.81660757
2.2847556
1.2585643
0.060790034
2.0854446
1.7459502
1.360674
-2.4708404
0.48984987
0.64856812
0.86548294
0.23995844
2.7552712
-0.37116864
-0.86510868
-0.62007501
-0.44418385
2.0507816
-1.589301
1.446369
-1.6016476
0.31761083
-0.50187572
1.3661884
-0.66246
-0.26962015
-0.93311434
-0.75922357
1.1873528
-0.00014791494
-1.0970171
-0.49926195
2.9887209
-0.029796409
2.6640147
-0.094998361
-0.31219981
1.0845646
1.3629089
1.8006027
0.012456435
-1.1563491
0.28417263
1.9549202
0.96699506
2.3435738
-0.55100637
-2.3418216
-1.7869089
2.1486407
-2.4364661
-0.46002114
-2.1479852
-0.97390497
-1.0128829
0.05563741
-0.31552963
-0.76359052
1.591022
-0.81578372
-0.02298327
0.97158129
-0.6166597
-0.6061897
-0.34767668
-0.61163695
0.029038444
-0.63807296
0.95261311
0.22812471
1.8516586
-1.3394365
-1.054304
0.18265106
1.8188538
-1.9868391
1.5649863
0.33722995
0.91796791
1.6884187
0.71583586
-0.043121278
0.71175247
2.031015
-0.39188435
1.090313
2.0598016
2.2278606
0.48345821
0.45980979
1.2118944
-1.2859656
-1.9125768
0.016131156
2.458284
0.013596957
0.8985136
1.0229465
-0.44166415
0.62624318
-0.085355839
-1.1763621
0.7730162
1.2263424
-1.7863614
-1.6911356
2.3289109
1.9379122
-1.0535737
-0.64880269
0.15592737
0.93955872
-0.14054976
-0.90344051
1.1710507
2.0693891
0.72432498
-0.7134176
-0.91686275
-1.6701546
1.0420871
-0.80655488
1.1584082
-0.3232701
-0.50328807
-1.509186
-0.84072812
0.7045737
2.1503822
1.5584289
1.7955465
-3.0021792
1.3632661
-0.85783829
-0.56888606
0.57637559
1.0973622
