-0.81469919
0.53092863
1.4008882
-1.3379656
-0.85928819
1.5200753
-1.0664868
-0.40631448
-1.338059
-1.8323515
-0.73521888
-1.4354429
-1.8258833
-1.746789
1.827432
-0.4915402
-2.1055995
-1.2830196
-0.95953647
-1.3075191
-0.8335604
-1.810782
-1.2687369
-1.6979183
-0.54762953
-1.1434612
-0.6783669
-1.9481534
-2.0106025
1.4389572
-0.9643519
1.3725088
-1.5825892
-0.71042748
-0.90943672
0.39453689
-0.44709644
1.6227032
0.15424844
1.9531238
1.6195621
-0.29088926
-0.93988414
0.58855525
-0.35911073
-1.4742396
1.6635818
0.24808559
-1.9504966
-0.93564948
-1.1727454
-1.0901294
-1.3038533
-0.6845512
-0.57119013
-1.9097964
-1.8265404
1.4964507
-1.9562197
0.020720693
-0.35843196
-2.3479442
-0.80568512
-1.05633
-1.3399539
-0.57380106
-0.93814092
-0.54860939
-1.8543401
0.051939578
-1.0297079
-0.61836266
-0.94807163
-0.98034859
1.4326636
0.023842812
-0.52670355
0.33068057
-0.79867459
-0.60110307
-0.45856125
-0.9628018
-0.34458657
-0.87284426
-2.0413963
-1.5959464
-0.40247171
-0.85332734
-0.70040093
1.4113802
-1.0291903
-1.0688417
-0.86045007
-0.41202583
1.8538963
-1.3079988
0.90400538
-0.099720317
-0.40227642
-2.0682179
-0.30102886
-1.3471304
-1.3555024
-0.59974321
-1.2196377
-1.5296394
-1.5041665
1.466114
-1.2684078
-0.93261427
-2.1811155
0.4347678
-0.64132424
-1.2845283
-0.16298321
-0.82894312
-0.99134363
-0.79167176
-0.91334323
-1.4287456
-2.3366098
-1.8891481
0.037907194
-0.74885642
-0.57848142
-1.0538628
-0.49756887
-2.0673745
-2.2508258
-1.8708156
-1.892233
-1.9451992
-1.7935252
-1.7419482
-2.3727429
1.9072804
-2.0185538
1.4389829
-1.3699991
-1.8329912
-0.44362494
-0.37788669
-1.3812349
1.4255188
-1.0947331
1.711728
-3.0908332
-0.63087669
-1.56267
-0.4677421
-2.2408276
-2.0200116
-1.3099867
-1.110606
1.7597614
-1.7701973
-0.62914523
-1.5809446
-0.37085751
-0.013704661
-1.152961
-0.85968895
-2.1440089
-0.98631478
-1.6161302
-2.2648504
-1.4691477
-0.85378231
1.9476456
-1.5587528
-1.3916615
-0.77381922
-0.75036101
-0.56426679
-0.09475034
0.78157872
1.567833
-2.6450283
1.6164309
-2.5817127
1.3995456
-2.7313355
-1.8404955
-0.021390887
-2.0339721
-2.0145657
-0.43182088
-1.8851382
-1.232657
0.88892331
1.1927842
1.4050898
-1.6520154
-1.5343255
-1.4875742
0.65692215
1.7885348
-1.5433163
-1.733163
-0.91545067
-1.2093842
-0.19065795
1.3742907
1.4167462
1.373539
-0.63983601
-1.2143046
-1.7988259
-0.63953447
-0.84967593
-1.2612689
-0.68296423
-0.98249762
-0.69531717
-1.6742552
-2.1040444
-1.4337243
-1.9592904
-1.4594242
-0.8975047
-1.2537353
-2.3559057
-1.5899071
-0.49387813
1.2105513
-1.0432897
-2.8171202
-0.1747609
1.6192566
0.73592683
-0.095679094
-0.47117837
-3.0644558
-2.5712534
0.42203291
-1.2016106
-0.0022913513
0.79812997
-1.1562097
1.6892107
-1.9056814
-2.7631677
-2.279846
-0.15863389
-0.031548357
0.2652166
-0.7192668
-0.38582233
-1.249335
0.17118025
-1.7068959
1.743327
-1.1278692
-1.1975448
-0.59756396
-0.075905722
0.014481056
-1.165517
-0.95764966
-1.0312969
-2.0463885
-0.48238169
0.070176203
1.03715
-0.21501368
1.756013
-2.4419784
2.0377389
-2.927983
0.18861205
-1.1208102
-1.5499107
1.5318138
-1.8503097
-1.83741
-1.9516559
1.7731711
-2.8578061
-1.4046241
1.7666454
0.19549778
-2.1708605
-0.12089224
-0.31830878
-1.314292
-0.99602149
-1.064613
-0.30262951
1.2964286
-1.5162044
-2.0851503
0.19158733
-1.2336298
0.14471397
-1.3832177
-1.0484071
0.052502716
-0.10455735
-1.239173
-1.8869113
-0.059808925
-0.92306899
1.6972454
-0.87810338
-0.75021302
-0.84567737
0.17128789
-0.34846402
-1.86103
0.054109253
-0.9561875
-1.4312708
-2.3257463
-0.8791049
1.7162195
-2.3268597
-0.96588009
-1.4174158
-1.8401522
-1.5177737
0.11625917
-0.72586535
-0.94140561
-0.9919149
-0.41023114
-1.1454657
1.0808601
-1.1988814
-0.56146545
1.6660508
1.6963935
-0.4022538
1.9119985
-2.0727413
-0.50752156
-1.4824809
-1.6075364
-0.90067582
-1.9077927
-1.2807673
0.11374729
-0.38189051
1.664274
-0.59917669
-1.951418
1.9726314
-2.4575111
-1.5160541
1.5621162
-1.7440068
1.6361479
-2.9501584
-1.115045
-1.6613818
1.0463311
-2.6842799
-1.4831948
1.342802
0.67664573
-1.2797584
-0.37629043
-1.6729173
-1.3014118
0.62016185
-1.8674547
-1.8680199
-1.7994012
-1.7691772
-1.316399
-0.90865276
-0.082567256
0.96222281
-0.84606868
-2.1925233
-2.7435848
-1.8631863
-0.8699522
1.4741522
1.6533177
-1.7784084
0.088050206
-0.10368298
-1.8298883
0.48449913
-0.65748361
1.5087005
-1.0332706
-0.22126873
1.4058187
-0.5328853
-1.7949881
-3.3331608
-1.1995032
1.5062959
-0.43488327
-1.9587861
0.32171426
-1.606472
-1.2422374
-0.10082436
-1.8836778
-1.8009932
-0.91859473
-1.4727851
-0.97230685
-1.0915939
-2.1377414
-1.0596568
-0.78372713
0.65857087
-0.44362444
0.11205516
-1.55294
-1.3443445
-0.2287743
-0.78780867
1.7413719
-0.71170624
-1.2945752
1.5506848
-0.34569671
-0.10967596
-1.7464362
-0.10290786
-0.8300497
-1.0191109
-0.56669384
1.6607962
-1.4935559
-2.3883891
1.3575858
-2.0958466
-0.76396136
-1.9170166
-1.9490426
-1.697671
-2.0602028
-1.2805223
-0.53702167
-1.3143473
-0.88540753
-1.7933129
-1.3665126
-1.2691674
-1.7896896
-0.97041989
-1.6645137
-0.4979846
-2.2020299
-1.1608723
-0.27295579
-1.9218958
0.41980803
-0.92207442
-1.3471496
1.5282159
0.50265208
-1.4326855
-2.9801061
-1.2077204
-1.3041135
-1.1127466
-1.6861568
-1.0051556
-1.9447678
-2.1201221
-1.9862702
-0.036256252
-1.4486428
-2.7211333
-2.4947064
-0.53196756
-0.84420658
1.8237083
-2.1221662
-0.7105032
1.8559081
0.56497752
-1.8028075
-2.2501952
1.3625273
-2.3334772
-0.63468863
-0.39668884
-1.2445553
-1.4069522
-1.8136414
-1.9591606
-0.57082538
1.3653444
-0.23562071
-1.8500111
-0.88397783
-1.1018188
-1.0246415
-1.9086248
-1.8631342
-0.71645851
-2.8331713
-1.3625457
