0.35732474
-0.038452348
1.9241829
-1.1231506
-1.5875502
2.7664859
-0.65979466
0.5941597
-3.0158346
-0.81611205
-1.0413575
-1.7834499
-0.50316425
-0.67052536
2.5939034
0.55447602
-1.2822576
0.15789117
-0.081648583
-0.85364753
1.209991
-2.8153134
-1.6795673
-1.6261778
-0.77569938
-2.1386451
0.36439687
-1.6739505
-0.68286039
1.7821227
1.0203064
1.7286319
0.71841042
-1.9711948
0.77440481
-0.33641636
0.18033165
2.3593763
0.29071027
2.2894538
1.8494208
0.50194388
0.034882298
-0.16280374
-0.18294078
-0.701418
1.9706095
-0.35796709
-0.86063842
-1.8204295
-3.141604
0.08346774
-0.99269874
0.20334663
-1.6739767
-1.2933699
-2.0730908
2.5253251
-0.9622133
0.5031054
0.50879391
-0.88502314
-0.63834886
0.82876486
-0.40588002
0.23201336
-1.0224137
-1.5995506
0.6369915
-0.81876221
0.22116124
-1.4114242
-0.84540147
2.3302816
2.3733155
0.67867989
0.92370305
0.67271408
1.8216584
0.78662532
0.64331294
-2.5211395
0.00070165432
0.51789071
-0.71911215
-1.6188316
2.1837705
-0.44230789
-2.4466949
1.6727942
1.3164921
-2.6120773
0.35502979
1.7360237
1.9894914
-1.6132206
1.7673045
0.42753613
-2.6989575
-0.28948479
-1.2629585
-0.58525078
-0.046058378
-1.7325329
-0.35756604
-0.70205935
-1.6984172
1.3786152
0.074387095
-1.1411629
0.80432
3.0267203
1.2300666
0.41733494
0.20923429
-0.81516355
0.024983473
-2.1800645
-0.1977518
-0.98692007
-0.92150077
-2.5122997
0.68383022
-1.2692178
-0.34831733
0.36655734
-0.17058184
-0.59226724
0.75493402
-0.55486298
-2.8561582
-3.1315284
-0.68669015
-0.48377362
1.0207083
2.3141297
-1.7096923
2.5717148
-2.139961
-1.8061518
-1.908765
0.96785955
1.4335861
2.1926843
-0.27639058
1.9468692
-0.11340759
-0.87956715
-1.7243573
0.32729256
-1.2659209
0.55969369
-0.55229588
0.50270119
1.4806474
-1.6376702
-2.8047949
-1.892904
0.71389633
-0.40767368
0.25380162
-2.5205445
0.08013358
-1.5326409
-2.1325707
-0.577778
-0.98285043
-0.76079356
2.4242527
-0.66175214
-0.37588782
1.6977097
0.79671871
1.5517774
0.37044212
1.6311081
2.0494272
-0.67168786
2.5138096
0.90088209
2.4102088
-0.30470159
0.24174804
-1.2116442
-0.63427939
-1.4258477
1.2414778
0.3676268
-0.53086633
1.5568817
2.7264064
1.6667898
-1.4694334
-0.18605304
-0.75600097
0.33511547
1.9631557
-3.1371013
-0.55974587
0.94457427
0.024313979
-2.1172473
2.1886011
1.6013609
1.9897204
0.56831769
0.34347061
0.16848972
-0.6411082
0.79722638
-1.7633535
0.65961872
0.084844244
1.5919369
0.63651279
-1.157101
0.68177529
-2.2629424
0.70364051
0.5117838
0.21206208
-1.6063153
-0.91023895
0.77300046
1.5555979
0.46755642
0.68520231
-0.24317016
2.6480275
1.6067434
0.82077954
1.9078442
-1.8141439
0.88380707
1.4232397
-0.95929929
0.48515966
0.5095971
-1.6492002
2.1945702
-0.10871063
-0.76438393
-0.36769265
-0.43227198
0.62831678
-0.41705435
-1.0296861
-1.4283235
-1.8007204
0.99517071
0.10272102
1.9256443
-0.17335374
0.016467632
0.98645316
1.5267967
1.5549187
0.19692781
-1.9217496
-1.1448764
0.23026438
1.7476683
1.1536669
1.7705876
1.9631351
2.4829118
-1.1320061
2.4010156
-1.1366264
-0.65627691
1.8206632
-1.3471564
2.1525498
0.11996651
0.11052727
-1.51906
2.9592074
0.044584491
-0.71109547
1.8821435
0.71681199
-1.0977828
1.5803508
0.58481827
-0.92455886
-0.70278259
-2.35403
-0.62189326
2.0283236
-0.42193179
-0.0082092238
0.62889767
-0.090248905
0.46316018
-0.018286775
-0.37740572
-0.75907551
-0.86934804
-0.13897088
1.3869849
-0.12328049
-0.13564842
2.4377071
-1.2623029
0.14274635
0.10868056
1.5075258
0.57031923
-1.0733106
0.55455898
0.31955774
-1.6154436
-2.5159942
-0.20533752
2.0837273
-1.1210697
-2.6930032
0.10127227
-1.4186703
-0.65641415
3.0128639
2.1162884
0.76001105
2.0426925
0.5270143
-1.1073536
-0.30099423
-2.0499921
1.3439297
2.3931654
1.9316123
1.4315276
2.8455133
-0.091352604
1.0917147
0.5991613
-0.29465639
0.50439045
0.20254377
-2.3418169
0.55440492
-1.6887484
2.6802434
1.0928471
-0.58905639
2.9527311
-0.55513222
-0.078046609
1.7210536
1.046951
2.1221661
-0.76949671
0.49862382
-1.8764014
1.6569725
0.01724483
-0.29028705
1.5481197
1.4552472
0.29801319
-1.2392612
-2.8711542
0.39202725
0.99408816
-0.55592815
-1.3203913
-1.6492465
-0.030137479
-2.5022187
1.0993917
1.2160745
0.49914604
0.34271739
1.2204601
0.2258771
-1.0452324
0.37619029
2.1804121
2.2851005
-1.4807261
-0.7905059
0.12456273
0.0053968404
0.96831102
-2.2447856
2.4196881
-1.6633851
0.34342699
2.2815788
1.0772807
-1.7859599
-1.3106127
-2.6471241
2.2919269
-0.50285741
-0.63352716
0.093311065
-0.054730154
-1.7597587
-1.6624118
-1.460475
1.3038731
0.82940791
-0.72045929
0.83035325
-0.76332085
-1.5491192
0.12532019
0.45297908
1.8491591
0.68700972
2.4378381
0.78062274
0.49585907
0.75894369
0.2185353
1.9781354
1.1306834
-0.9510605
1.730012
-1.1072814
-0.8753152
0.1359003
0.23935493
-1.2380462
-1.4602325
1.0242577
2.1732323
-0.87859811
-0.48824431
1.998007
0.27042177
-0.99584346
-0.39745135
0.34122999
1.3956799
0.48554541
1.2048755
0.85265778
-2.3532618
-0.86215687
-2.2182348
0.24373077
-0.080097442
0.5866778
-1.2695153
-2.2207636
-0.0061374485
0.57221641
0.098273647
1.3604869
0.25614575
1.9355292
1.2831175
-1.0465951
2.3271214
1.37171
-1.9858275
0.21149988
-0.85258826
1.5971229
-1.9179817
-2.1871246
-2.644866
0.71249754
1.2443898
0.70739992
1.272381
0.39505567
-0.19526278
0.5027371
0.18088721
-2.342251
1.9062286
0.30295458
-1.2650338
2.3792947
0.86807692
-1.2378218
0.23088844
1.970699
-0.080852254
0.27675109
0.27207572
-0.79031765
-1.4882659
-0.51389636
-0.2814592
0.97979939
2.4082594
-1.7374378
-1.3714437
-0.013404304
0.83695667
0.46690149
-1.312622
-0.22985443
1.3680168
-1.9125091
-1.7953848
