0.47443277
2.3583974
-0.062762537
1.96755
0.68958579
-0.19187804
-1.7577578
-0.81591721
-0.027054061
-1.4061093
1.440398
-0.097365775
-0.88733222
-0.37028803
-0.80311996
-0.86881378
-0.10248333
1.3942062
-0.37465054
-0.28683263
-1.5496819
-0.90871353
0.039169434
-0.98892635
0.66164875
1.0230831
0.61036431
-0.21833485
1.6014849
-0.5950791
-1.0468002
-0.22471472
-2.0984609
1.2503185
0.92441396
2.1928298
0.92188932
-0.82381264
1.1547632
-1.1997681
0.33483469
1.5183064
-1.5940894
1.7400706
-0.17614918
-1.9557009
-0.52796767
2.0616096
-2.4281957
0.27772313
0.44861174
-0.87019217
-0.79675558
-1.2410666
0.30854407
-1.3666755
-0.68401625
-0.072054102
-0.077239792
-1.0501906
0.25855486
-0.75207798
-0.49338789
-0.40227866
0.022790135
-1.4494032
0.93785751
1.5532068
-2.4386121
1.159282
1.2296745
0.94297353
2.4284264
-0.58860788
-1.3374336
0.16108896
-1.5950253
1.5755021
-2.2082706
0.72671244
-0.33734163
0.21669767
3.0861241
0.53493168
-1.9719123
-1.8218797
0.45835102
-0.85247276
0.50205433
-0.67164612
-1.3005513
-0.51957178
-1.1553774
-1.2924456
-1.2301999
-1.0043084
-0.71603497
-0.45167607
0.36558201
-0.10211624
0.5273397
-0.21218991
-1.5383538
0.75037129
-1.0492536
-0.025797358
1.9292365
-0.049691083
-1.8061268
0.42106732
-1.7119338
0.54850887
-0.95520455
0.035580837
0.97565977
-0.69671475
-1.3309991
0.50236184
-0.28441943
0.57777417
-2.1710171
-0.84454619
0.41478492
0.32660444
-1.5655736
-0.21651207
1.2388918
-1.9029054
-2.0303756
-1.2967991
-0.33406446
-0.059050269
-1.1489415
1.5822876
-2.0411149
-1.0115875
0.2316911
-0.51348392
0.51031237
-0.55617839
0.13823568
0.99375343
0.45247208
-0.020936092
0.95720577
-0.60350045
-2.5701532
2.1383737
0.23797428
0.47163406
-1.1683154
-0.6015877
-1.1644243
-1.4129881
0.15261381
-1.6228304
0.83600334
-0.10014898
1.9163829
0.17228048
-1.8621638
1.3721839
-1.50962
0.38489992
0.1950542
-2.0455192
0.55576878
-0.71549145
-0.58833289
-1.4400989
-0.84792426
0.57765574
1.408538
-0.68600711
2.1552593
0.3723619
-0.10365827
-2.2702918
-0.33375809
-1.236875
-0.22678142
-2.6597306
-1.5952919
1.9318354
-1.7419428
0.354232
2.42261
-1.5395571
0.22523735
-0.44997717
-1.1729824
-0.60296164
0.80632753
-1.2899189
0.4083503
-0.15626587
-1.1862878
-0.31000706
-1.2144552
1.0078856
-0.5043352
1.5130715
0.22269896
-0.33231843
0.0072145611
-0.92939335
-2.0276711
-2.0078568
2.7142243
-2.057308
-0.011020229
-1.0484647
-1.2976311
-0.11050055
-1.6343409
1.6291028
-0.25034437
-1.1185333
-1.2070886
-1.6352525
0.061199799
1.5303925
1.2983585
1.4571202
0.48804176
1.377423
-2.9125104
0.19381386
-0.016584122
0.85781048
0.039405002
-0.78768503
-2.9464656
-1.3375133
0.91213079
0.30299263
2.4316798
2.7745567
0.064775859
-0.36959171
-2.2675851
-1.7427303
-2.4985904
0.52644925
1.4961058
-0.11451926
0.51143025
1.5323662
0.14681437
1.5055845
-1.9872544
-0.49389709
-0.61085634
-1.4702924
0.90521848
0.50583602
1.735384
-1.6906825
3.0878707
0.093277119
-1.755935
-1.2640505
1.1034767
0.93028357
-1.1927296
-0.84568525
-1.6157939
-1.0029268
-1.3686134
1.3669508
-1.8989345
1.8608572
-0.47916635
-1.3900913
-0.32698753
-0.16414336
-0.53397644
-2.6710758
1.412293
0.29251283
1.76958
-1.1992586
0.70191413
-0.83271131
-0.31221567
2.2893368
-0.92454174
-0.1416742
-1.3113913
-1.5013163
-2.7351131
1.7179857
0.086954237
2.2129482
-0.32228198
-1.4557198
1.8470105
0.99521005
1.4968308
-1.8463819
0.18202712
0.74548621
-0.62892886
1.1688307
-1.7387309
0.32789357
2.6328436
0.17623888
-2.7970019
0.066006587
-1.2325053
0.33602634
0.99697305
-0.91561101
-1.0582561
-0.52097881
-0.85313854
-2.2095144
1.3716796
-1.8541428
-0.39228474
0.67877494
-1.5659829
-0.9532192
-0.31490238
-1.1524391
1.590113
1.4327765
0.088302883
-0.72032739
-0.37260299
1.5158363
-0.23048804
-1.5948288
-0.86609825
-0.08181026
-0.87402896
0.97979995
-1.6971967
0.41026541
-0.46901424
0.31363649
-0.93794943
-0.69323717
-2.2851598
-1.0187435
-0.24853165
-2.0843342
-0.60230334
-0.50475602
-0.59007326
-2.5459663
-0.064756275
0.17201553
0.46155093
-2.5359566
-2.5484712
0.10107282
-0.37891667
-1.8621257
0.14195325
-0.22256462
1.5083895
1.8753637
-1.711942
-0.46888439
-0.15936117
-1.441568
-0.62906902
-0.95967343
1.0920419
2.4663496
0.85181319
-1.2865022
-1.589379
-1.4274458
-1.4330082
-0.31253732
-0.43186335
-0.071642898
0.2933787
0.57050409
-2.2429535
0.74595651
1.0084713
-0.16930083
-0.93725818
1.767399
0.52393695
-1.8856476
2.3818178
-1.4942416
0.29871405
-0.17367452
0.076486032
-2.5198924
2.4967361
-1.6839308
-0.81011206
3.0203579
2.4465784
-1.5847736
-0.18933146
-1.0660639
0.94194461
-0.74134183
-1.8559568
1.0091286
0.09361932
-1.1976524
0.76844527
0.36644647
-2.5139754
0.56067875
-0.16938968
0.0096594668
-0.84677626
-1.5450489
2.079338
-0.022954986
0.39909632
1.5419095
-1.5428967
2.8359484
0.43086175
0.86374679
-1.0051698
-0.53967637
-0.48113778
-2.1152215
-0.68508118
-0.96576166
-0.46772959
-2.199457
-0.61259711
-1.326471
-1.8823964
-1.2828775
0.88634855
-1.1122004
1.2589444
0.260597
-1.7828102
-0.21865146
0.40585476
0.21129703
-1.072538
-0.82962588
-1.7012276
-0.48659138
-1.5052886
-1.0833581
1.9933481
0.5995399
-0.057952965
-0.23435898
0.96424834
-1.5585595
-2.2347431
0.56661267
-1.9654774
-0.42440703
-0.92237147
0.40666646
-1.3538063
-1.9017364
-2.1591315
2.1146008
0.16596073
-2.7554477
-1.2181166
-0.61235202
0.85947865
-0.34631855
-1.7819281
-0.91818382
-0.76673692
2.4660814
-1.0072366
-1.6795823
-0.012289901
-1.436803
0.65427018
-1.2610708
-0.96836053
1.4105344
-1.4891014
-0.79198826
-0.49685702
-0.20145603
1.2660167
-1.1333338
0.90912484
-0.54621508
1.2929438
0.32236057
-0.62631687
-1.4839387
-0.31649678
0.071168359
