-1.2578057
2.5037848
-0.64190259
0.29483316
-1.6370515
-1.7400028
-0.79978881
-1.2988075
0.8266193
-2.7421986
0.77692887
0.69986669
-2.3582338
0.21005374
-0.32256922
1.8088606
-2.874676
-1.0833725
1.0112334
-1.5852848
-2.0784073
1.7936344
-1.0466906
2.8265743
-1.7217437
-0.72216579
-1.8367346
-1.5181203
0.128381
0.65914215
0.63379349
-0.57062831
1.669298
1.4230042
-2.3152382
0.5688051
-1.6349529
-0.19909956
2.013845
-0.60674696
-0.073614316
-1.8792573
-2.3055124
0.59681978
1.3980172
2.8567894
-0.60597748
0.36066436
-1.6872879
-2.4092003
2.1266414
0.92451575
1.7372154
1.3202415
0.84072833
1.1363718
-1.3378531
-0.93290856
-2.6849918
1.1855164
-0.80407964
0.14275298
-0.71697161
-0.95247868
-1.9718631
-0.67388747
-0.64006536
-1.4216176
-0.074667524
1.7663703
-1.3688888
-0.12064319
0.45243236
-2.7219297
0.085216944
-2.3152319
1.0553757
-1.5163153
-2.3825244
-2.0968291
-2.2002061
0.35971641
0.36032618
-2.3887326
0.3992799
-1.154455
-2.3299262
1.7920202
-0.098629399
-1.13906
-0.12218013
0.77014521
-1.2813067
0.46296838
-0.84907081
-1.6608386
-0.29293477
-1.4280176
2.3168373
-3.4076864
0.4446308
1.932544
2.3473241
-1.358475
-0.36383161
-2.1978381
0.081381574
0.2568176
-2.4588353
-1.348329
1.4319548
-2.4357677
1.1470213
-3.0108621
-2.012546
-1.5613805
-1.7133531
-1.1954771
-2.0327484
-1.7300933
2.1018444
-1.020566
-1.7565677
0.22815709
-1.5385625
-2.5604421
-0.91236106
2.3169129
-0.12201406
2.1302031
-0.41464106
0.9753258
3.0673083
-2.3359326
0.56317447
-0.59297241
0.55137674
-0.86513302
0.22645897
-1.63541
1.5248126
-1.7155659
-0.55316105
-0.79451748
-2.0216407
0.55811942
-1.3393259
0.20787523
0.64503717
0.011444839
-2.6387106
-1.6053233
2.0807203
1.6261373
-0.9623663
1.887017
0.26577558
0.08566588
0.99161666
-0.7853236
-1.5525407
1.7980374
3.4831419
-2.392623
-0.67809944
2.0275345
-1.3417739
1.7868778
0.48581228
-1.7023811
-1.6247072
-1.8153814
1.8903748
1.4242409
-0.8262286
-0.91879898
0.27652164
-1.1351763
-0.77751867
-0.12365504
-1.3006728
-0.044714071
2.1278186
0.49190871
0.32139969
-3.1125988
0.03194074
1.3274685
2.8113742
-0.073396504
-2.3259851
0.51563506
1.3313288
-2.1354608
0.35009274
1.0536003
0.20805767
1.6126478
-1.5200514
-1.0141252
0.90121347
-0.20302028
-1.303097
0.089202221
-0.73724994
0.67280405
-2.0193748
1.883343
0.50319508
-1.5034984
-1.4233895
1.2321472
-2.1616781
-0.82940971
-2.6308429
-0.70902891
-0.9661095
2.7064234
1.4953427
1.9986986
-2.3518778
-0.12894388
-0.35509112
-2.3858169
-0.34410179
-0.18717058
-0.54612426
-0.16698722
-0.80548058
-2.3042488
1.1537168
0.4458028
1.3657829
-2.1369676
-2.1573978
-2.1672976
-1.0881965
-0.34953578
-2.3828192
-0.23184946
1.8723907
-0.65264682
-1.3957892
-1.1589853
-0.69890327
2.21496
0.15581843
0.34969399
-2.1628255
-0.10751808
-2.0913135
1.1337652
-2.4285327
2.6685187
-2.007095
-2.7401049
-0.39303787
0.37288518
-0.52426676
1.7840895
0.5720535
1.8854483
-2.1804935
-2.8685177
-2.8745283
-0.6124841
0.52859802
-1.5866998
0.181418
0.21477617
1.661777
-0.38832896
-0.53779538
-2.7716263
-2.4974728
-2.1210322
-1.0040541
-2.3992317
-0.52206726
-0.48314828
0.33335401
-3.4730337
-2.541731
1.5669133
-2.0998148
0.060243034
1.6556
-0.55596562
-0.38395089
1.8065495
-0.46028254
2.2929411
-2.8451878
-0.83012741
1.6844818
-2.2734933
0.15666816
1.7446006
1.4040948
0.94365235
-0.082088783
-1.5233293
-0.18308866
-0.61122137
-2.461616
2.4848015
0.0094627007
-2.5934633
-1.4863358
1.9663856
-0.29761272
-0.98402643
-0.83714814
2.0453078
-0.087460928
-2.9058925
2.364141
2.045791
0.30966611
2.1147724
-1.1468766
-2.0630922
-2.6716538
0.15421698
0.15717891
-1.1722863
2.2675547
-0.31410854
-2.7964358
-1.0432315
-0.68635017
-0.68106912
-1.4994706
2.2604215
0.45489162
-0.1451126
-3.049958
-2.1482232
0.81582571
1.9920119
1.7935847
-0.51739598
-0.52928708
1.2115867
0.89193685
-1.5728199
0.62117574
1.8050438
-0.3243417
-2.0506839
-1.1039252
2.8531818
1.8549852
-0.38385661
-0.3634398
0.87510708
2.6225833
-0.37938707
-2.3241174
-2.4311757
-0.79687172
0.13224029
-1.5743017
1.2605428
2.8835676
1.3875422
0.075918092
1.7371286
1.7098443
0.5356993
-2.5481776
1.2911069
0.59892091
-0.49873185
-0.97088113
2.729763
-2.2611356
-0.56458632
-0.72439823
-1.0179762
2.3189191
-0.82941306
0.82678162
-1.4418255
0.66060326
-0.29250882
1.8360954
-0.82715721
-0.4320627
-2.1315248
-1.0158139
-0.28358233
0.38214869
-1.0639389
-1.2249296
2.5849262
-0.21695826
2.344124
-0.37644746
-1.1376693
-0.058602401
0.32798489
1.3689737
-0.51919853
-0.86345518
-1.2822926
1.0643258
0.31249837
0.34176402
-0.39643429
-2.3414472
-2.3071995
1.7642808
-2.0761108
-2.177033
-1.6914421
-0.69423079
-2.5968916
-0.19016817
-0.18737288
-0.44069965
1.6037969
-3.0434167
-0.5082744
1.0018763
-1.4923798
-1.9319768
-0.06719902
-0.83777006
-0.74172451
-0.3714463
-0.31551257
-0.081841505
1.8679069
-2.719074
-1.4745647
-0.68565589
1.3389719
-2.1396754
2.0018119
-0.53918125
0.68314876
1.0615113
0.9095792
-0.67932175
1.3217117
0.97416896
-0.83359522
-0.84307141
2.8773502
1.3046537
-0.48058531
0.20955222
0.3667217
-2.2456675
-2.1113683
-0.4096422
2.1377741
-1.7730996
0.34155657
0.45591364
-0.15511339
0.43908068
-0.13385214
-1.7171181
-0.60385161
-0.032991019
-1.6349741
-1.962753
1.7304015
0.87951616
-2.1472222
-0.66474465
0.47925428
-0.66596251
-1.1329263
-0.55440244
1.2080028
1.3355635
-1.2667527
-0.4568436
-3.2305627
-0.59534434
1.9278858
-2.0061039
0.43207149
-1.0458924
-1.8048959
-3.0371456
-0.76131138
1.0800041
1.4743637
1.4531835
0.60300687
-2.1284419
0.24248405
-2.693356
-1.5043328
-0.033415847
1.2345606
