1.4994498
-2.4931269
0.10500426
-0.80204708
1.9675753
1.0538695
1.9394836
2.0292387
-0.43493904
2.1034367
-1.1025729
-1.7276879
2.8497832
0.41293595
-0.022920333
-0.56239996
1.9954757
1.0439805
-0.52134599
2.4691683
3.0683129
-1.8851469
-1.4421734
-0.49021035
2.1295826
-0.5113966
1.6114825
2.3514432
-0.48890781
0.090416956
0.72088478
0.59839912
1.2176761
1.3996852
1.49297
-0.98352042
1.0480646
0.64365841
-1.9066976
0.11454289
-0.29495983
1.4425553
2.7308305
0.56173367
-1.1203844
0.083405171
0.54647094
-0.73099038
2.3265789
2.211529
-2.2674624
-0.18296679
1.361904
0.12089474
-1.9591589
-0.48014923
2.2643649
0.74363826
2.5009138
1.8209472
0.82335425
-0.13411759
1.1170855
-0.13000645
1.5791933
2.0151666
-1.3618929
2.1243639
0.67365582
-1.5271915
0.85482626
-1.4069332
-1.5080206
1.5902096
0.39948569
2.2730365
0.25500701
0.51157135
2.0916931
1.5435325
2.5010583
-2.2647493
-0.050217347
2.4423942
0.8103117
1.7622649
2.1830131
-0.15285385
-1.9401939
0.20222018
0.66545763
-2.2990158
1.4511549
0.88474705
0.35471496
1.0546277
0.79220777
0.87322697
-1.9415182
2.2276644
-1.5417052
-0.55209314
1.2835391
2.0907387
1.4057025
2.1119118
-0.38046948
-0.51971904
2.0582887
1.5991092
0.055659905
1.4733276
1.0669644
2.5216596
0.88504295
1.5709634
2.0822906
2.282223
2.5107063
-0.59532871
-0.51961916
0.52011544
1.3760607
-1.8106478
1.4383489
1.9869297
-0.26930352
0.53154979
0.68773297
0.47012122
-2.1707571
-2.8351822
-2.3323108
0.91002187
0.61657392
0.088860685
-1.0189714
0.10656401
-2.2100774
1.7711922
-1.8203426
1.7548147
2.0616257
-0.18413368
1.9456
0.1039678
0.72549472
0.085760426
-1.3882631
1.4261739
1.4694639
1.8812137
1.7510814
-0.33367028
0.38831304
-0.28967082
-1.4826022
-0.82672866
-1.750537
1.8301565
2.0331385
-1.9704666
-0.40442743
1.9639189
-1.7851794
-1.4966553
2.2804617
0.21269208
-0.30469003
2.653386
2.3449784
1.0390681
-1.2733835
1.2525055
-0.11597275
0.83847309
-0.26604159
0.48700615
0.47462056
-0.90032101
0.91409828
-1.2138973
0.26076236
-1.4915242
-0.57553338
1.4005172
-1.4990724
-0.29454789
-0.047805388
0.37204921
1.3192498
0.56286789
-0.57041326
1.3342288
0.30750976
0.56527323
-0.26568833
-2.4223258
2.5056326
-0.30250308
-0.74007435
-2.2814811
0.66083628
0.081163897
0.24490603
0.47307456
2.1417768
-0.18875703
-0.21920274
2.3371755
1.2074495
1.9403729
1.5349929
1.1778991
2.6250211
0.32913696
0.49121164
-1.4573889
1.829183
0.10082022
2.2202939
-0.13217372
0.059057956
1.6461583
0.39027688
-0.59236148
0.3471673
1.8004614
0.17941615
1.6194813
-1.8849365
0.47240115
-1.7495089
1.7896826
1.536315
1.7514502
-0.97244581
-0.45612659
2.3885336
0.35194856
-1.6346011
0.80792305
0.67615716
1.0080235
-0.57908914
-0.91589204
-1.1396766
-0.37929418
2.2013518
-1.8531938
2.5820039
-0.0032857582
2.6840493
0.53837426
1.9835346
1.8644339
-1.132822
-0.96708947
-0.89637797
-0.5858599
0.79033752
0.13812498
1.9674324
2.108527
1.6748447
0.13102882
-1.239595
0.68648542
0.089372849
-1.0849696
0.71322308
-0.5164405
0.5438309
2.2112408
1.493241
2.2622904
-0.01561882
0.6410601
-0.36548854
0.34072953
-1.7646972
1.9385725
1.2075798
1.767969
2.1064919
-1.7297963
-2.0005847
1.6375364
0.30268294
-0.51999728
1.4226895
-2.255609
2.0901182
0.58824544
0.19484704
2.6348333
-1.1569998
-1.3554081
-1.0467216
1.0641143
0.93456451
1.4462409
0.14330102
-0.042200827
2.0823327
-0.54562023
-1.6522183
1.9011749
2.1917484
-0.67369982
-0.36578721
-0.71192649
-0.80430714
-0.45612416
0.23198349
2.0008312
-1.7409192
0.57851349
-1.3204718
-0.68882609
1.6369621
1.3650497
2.7384408
0.8230516
0.29950813
1.039312
-1.1669683
-0.96239646
1.4072988
0.4408972
0.3531425
-1.0785145
0.67323883
1.0679779
0.94787154
-0.48572899
2.609675
1.2542087
0.54032022
-1.6255808
-2.3399372
-0.84347528
0.55158887
-0.21271258
-0.63787195
1.168057
0.10290586
0.1506215
-0.71755106
1.8004948
0.8477176
-0.97888518
-0.71844277
-1.8559839
0.32654138
-0.50858784
0.77170924
0.37178795
1.8407917
2.332688
1.2669705
-2.1893043
0.79276724
-2.9356779
0.42849111
-0.39735337
-1.2900255
0.85277783
-1.8492129
0.93668802
1.8706779
-2.1709856
0.05809988
0.50998179
1.077104
-0.12669021
2.8736116
0.25908009
0.17656216
2.2340918
-0.9832482
-0.14860139
0.15282517
1.4905401
-2.1976964
0.1048434
-1.9103773
0.30021856
0.70997957
2.3690757
-0.13453702
0.037153049
-1.9916124
0.54622146
1.8997345
-1.4742193
-0.18837627
-0.92444528
2.1030937
1.9019003
-0.5055726
0.52444301
-0.13663826
1.1196683
-0.27047098
2.2274002
-1.6394585
0.44909997
-1.8236199
0.32342191
2.004235
1.6193021
0.74290123
1.7121911
2.0975739
2.1068287
-0.19594832
2.7955799
0.13144882
0.11092144
1.153387
-1.4370123
2.4069821
-0.91756584
-1.1452664
1.0245162
1.9101434
0.29542799
2.2189462
0.34149818
-0.28271684
0.61359178
0.84910055
2.0096227
2.4510691
0.99371345
0.49646183
0.18478504
1.9650523
-1.7397176
-0.36436365
-1.3231291
0.29857016
0.32304231
0.14124273
-1.2001881
-2.1687361
2.3744347
1.3074528
-0.97677188
0.1254764
0.87517201
-1.7424556
-0.13656067
2.3628291
0.60236817
-0.084900524
-1.7032894
0.81528325
-0.62656644
2.4705959
-1.820117
-2.4365243
-2.2407949
0.80916947
0.6183883
1.0596649
-0.31784049
1.8828807
0.23111981
-0.0020427712
2.0922117
-1.6740494
-0.10945403
1.0103082
1.9629655
-0.2702924
-0.86946832
0.019499027
1.4082235
0.25861466
2.3351576
0.81553867
1.3042836
2.5494492
-1.1248728
1.1606272
2.3565434
2.2441976
0.26448633
-0.2700308
0.19876746
-1.4655064
-0.53291446
1.689197
-0.542382
2.0159678
2.2257273
-0.055756392
-1.553203
