-1.5770063
1.4552576
1.8971568
-0.5773078
-1.2641666
1.9617919
-1.4195533
-1.9016217
0.30274745
-2.1076193
-0.627229
-0.086942325
-2.1606625
-1.6729245
2.5539411
-0.70957524
-2.4197883
-0.97025359
-0.15265583
-1.6552597
-2.2412219
-1.1022831
-0.29953253
-0.47504824
-1.5714677
-1.0583797
-1.3109093
-2.0353629
-0.84828838
1.9260498
-0.87102174
1.4381395
-0.2521524
-1.1378206
-1.0065925
0.86782149
-0.44028933
2.1072593
1.5450461
2.2635083
1.7315304
-1.2405898
-1.8586045
0.86764732
0.3892587
-0.88036122
1.8146987
1.3489152
-2.2893614
-1.3992757
0.36521939
-0.52752698
-0.56833848
-0.60345239
0.19147281
-0.70953556
-1.9298704
1.8981035
-2.2817936
-0.042066448
-1.489451
-1.0414976
-1.9141541
0.15392427
-1.4105141
-1.1821041
0.32811183
-0.8633001
-0.40167045
-0.22721533
-0.97740035
-0.88027736
0.9033968
-2.0340658
1.9639602
-1.0398659
0.022838805
-0.10684163
-2.3605856
-1.3046797
-2.4062607
-0.42635368
0.32452463
-2.2881795
-1.0483373
-1.8656568
-1.5149808
0.18711338
-1.0545677
2.4412818
-0.94016378
0.053778542
-1.1917476
-0.66681615
2.4388786
-1.0523025
0.52229328
-1.1544515
0.86129435
-2.9340628
-0.11442024
-0.89553264
-1.5354662
-1.1209496
-1.6369913
-2.2257431
-0.044671625
1.7036326
-2.8211794
-1.6659949
0.22023867
0.56075465
0.72221244
-2.2579952
-1.0047827
-0.82741076
-1.6669371
-1.0132314
-1.4115592
-0.37611691
-1.0404591
-0.9436602
-1.3379734
-0.092267983
-0.81682252
-1.2996884
-0.50011366
-0.35821746
-1.4120496
-0.58452034
-0.77100679
-0.19123743
-0.29128404
-0.96915835
-0.011794783
2.6366146
-1.0995833
2.4954294
-0.75876177
-1.4462698
0.12982467
-1.4034085
-0.29885887
2.4681372
-1.8271927
1.3525652
-0.93861896
0.010594048
-0.40680487
-0.82695796
-2.3451111
-1.7955966
-0.69941475
-0.88425636
1.4858657
-0.66674681
-1.3081409
-0.98267328
1.089448
0.56355307
-1.812411
-0.11077782
-0.9190003
-1.4690495
-1.0791084
-1.4867295
-1.5365605
0.13108801
2.8674219
-2.1754305
-2.1471089
-0.4832552
1.4241043
-0.18556944
0.96077796
-0.14681921
1.6798955
-1.5013372
2.8464955
0.039040409
2.3596549
-0.48459796
0.10168654
-0.53715
0.26717395
-2.0935612
1.6505146
-1.4211373
-0.68393128
1.3063928
2.0059611
1.3509788
-0.23052149
-1.4772762
-1.4960797
0.049499042
2.2994595
0.42400623
-2.6501533
0.76441734
-0.37030862
-0.37796951
1.9636516
1.5891874
2.1462366
0.033330414
-2.8815563
-1.5593447
0.36140779
-2.5487515
-1.1044115
-0.58732234
-1.9559059
0.23211991
-2.2203362
-1.7322132
-0.88879132
1.1134981
-0.63636826
-0.91034648
-2.4239582
0.061139227
-0.80801511
-1.4808282
1.2675721
0.064679181
-0.36594419
-1.1024717
2.0193791
-1.286172
-0.07106689
1.0663695
-0.7903838
-1.7297807
-0.6976505
-1.5689099
1.4079578
1.5247737
-2.0627772
2.1459426
-0.57050227
-1.4893079
-2.0833409
-1.2196479
0.95379488
-0.038286507
-0.60842077
0.10072279
-1.9587957
2.4799919
-2.2909103
0.90799055
-2.5401171
-1.1495304
-1.4570512
-1.0075873
2.6744319
1.0447622
0.10289488
-0.57031293
-1.0029489
1.0468978
-1.0820588
-1.1417985
-1.0849837
2.9813783
-1.0763032
2.4206478
-1.2188587
-0.21306882
-1.2006013
-1.1951998
2.1586675
-2.2772484
-2.1843602
-2.6769142
2.1409218
-1.0500733
-0.20484252
1.9817081
2.671952
-2.3621727
0.10734558
-0.45998649
-2.0382049
1.665886
1.3100565
-1.0245784
1.6783689
-0.83342092
-1.0872667
2.171331
-2.4866909
1.0015538
-1.0127807
-1.6673546
-0.39516791
-0.44457567
0.78368316
-0.41078285
0.21230609
-0.72898981
2.3199654
-0.55213237
-1.2575476
-0.18177908
2.0227235
-1.5664843
-1.0632685
1.0904328
-0.23890066
-1.3378963
-1.5078125
-0.43698747
2.7985765
-2.1883398
0.15480608
-0.015826897
0.14482507
-0.77845233
-0.57996805
-0.73067398
-2.1434865
0.68442849
-0.99371849
-1.2845787
1.8799262
-0.88584998
-0.59664216
2.5183142
2.4723135
2.3023386
2.2930251
-0.12042007
-0.051610561
0.22358886
-2.0273973
-1.3663373
-1.7378858
0.0037834168
1.0511192
-0.52539125
2.5267121
0.19907827
-0.31873718
2.2362058
-0.50864526
0.09036688
2.5536915
-1.2312205
2.0380584
-1.4194305
-0.62421879
-1.0268623
1.7650863
-0.25113847
-1.671441
1.7347094
-0.95037576
-1.7423327
-0.52542851
-1.4269711
-0.66961646
3.1071512
-0.77373075
-0.41628242
-0.0087129729
-1.2919629
-0.52266683
-0.74570524
-1.2239209
2.3939727
0.30482797
-0.21706975
-1.3879026
-0.35081003
-1.9107693
2.001082
2.0900732
-2.1910919
0.18483395
-0.24161314
-0.51561819
-1.2833637
-0.18351231
2.502745
-0.4257399
0.38499238
1.4526777
-1.7374624
-1.1230038
-0.67430842
-0.74297157
1.9824697
-1.6910875
-1.1250044
0.86051834
-0.4293137
-2.1254454
-0.64887862
-0.041994049
-0.91683068
-0.051845145
-0.54643433
0.2714264
-1.2956515
-1.8051364
-1.2353711
0.003040053
2.0481336
-1.4782885
-0.95602755
-1.6843967
-1.5822135
-1.2534646
-2.0466145
2.6358346
-2.0362369
0.004962757
2.0815205
-0.96819935
0.8748616
-2.5190842
1.345806
-0.63567412
-1.6384859
-2.0151999
1.9478412
-0.66550388
-0.21876605
2.4830059
-1.1793088
-1.2248428
-0.23553147
-2.1072921
-0.84968089
-1.0955632
0.20013367
-1.9445867
-0.53553076
-1.0981148
-0.78584409
-0.63001573
-0.66260948
-0.2342156
-0.62629581
-0.65297291
-1.3818536
-1.4297982
-0.55819106
-0.26308713
-0.75924531
2.0330511
0.49277221
-2.2083479
2.3857858
1.2298636
-0.39505487
-1.5847841
-0.83228956
-1.996243
-1.4428677
-1.1869145
-0.79044744
-1.1627271
-1.8117624
-0.89635705
1.1202964
-1.6887797
-1.2845961
0.16178629
-1.9135322
-0.90941102
1.3220437
-1.1656318
-1.1833162
2.3438945
1.9488384
-0.33867863
-1.4842412
2.0807154
-2.8667029
-0.8710736
-0.19931842
-2.0026626
-0.72156106
-1.2669753
-2.1307453
-2.1212289
2.0581934
-1.0066642
-1.2394404
1.6871693
0.52455345
-1.4384398
-1.0893052
-2.6694937
-1.1967595
-1.8593987
0.2292122
