-1.025987
1.5323194
-0.74138198
2.3925881
-1.3717493
-1.097981
-2.2167655
-2.235077
-0.8835438
-2.3648055
2.0161018
0.78660136
-2.0413162
1.5427565
-1.4932155
-0.24367824
-2.1063599
-0.67877201
-0.43449988
-1.9428616
-2.0482292
0.17824485
-0.58462303
-0.31216401
-1.6088196
1.5787984
-1.4442779
-2.1658908
2.2478947
-1.3914618
-1.7514716
-1.6861708
-1.3424201
1.316364
-1.4426982
0.33962904
-1.4653724
-1.6698331
0.82298014
-0.69644009
-0.94843143
-1.8903794
-2.9549678
0.79730058
-0.94328058
-0.18875961
-2.8201743
0.047520431
-2.7384476
-1.7292361
1.119347
-0.23663785
-0.28787657
-0.52118122
0.24058284
1.7632781
-1.8076051
-0.99116772
-2.3376193
0.22801662
-1.2943891
0.063644104
-1.6100454
-0.52824426
-1.3996286
-1.7024051
-0.11304606
-1.319597
-1.1365093
1.8424533
-0.86084315
2.1036875
1.2723463
-1.8496392
-1.3262929
-2.0545293
-1.0773567
-1.0585021
-1.9331792
-1.4699057
-1.7294753
-0.20036854
0.61913913
-2.0030389
-1.2309017
-2.3084481
-1.7419725
-0.80700693
0.15528674
-0.69597905
-0.73478573
-0.10490262
-1.4729859
-0.62585192
-1.8769745
-1.4913487
-2.0006002
-0.91425902
1.0147343
-2.3736133
0.12822858
1.9455906
-1.9275686
-1.9280759
-2.4827668
-2.3331958
0.71621507
0.86281145
-2.8274372
-1.1857913
0.13121124
-1.6042879
-0.74460153
-2.4420576
-1.6351376
-1.5213295
-2.4942054
-2.0205505
-1.766603
-1.4228085
-1.6780978
-0.29116191
-1.8733352
0.13392686
-2.3722415
-2.259126
0.92473556
-0.82770896
-1.3746141
-0.90884455
-0.51819148
0.44903678
-0.43163978
-0.41075879
-0.93968712
-1.1648361
2.0154004
0.038111587
0.64164313
-1.2756181
0.47844759
-1.3106318
-1.2014947
-0.78978879
-1.0973895
-1.3496917
-1.0747872
0.11749058
2.0437232
-1.2776935
-2.7861326
-1.4215354
0.096296872
-0.50742499
-1.7436829
-0.87158989
-0.030233487
1.5193802
1.1212848
-1.4630741
-2.3708559
1.2259069
-0.49861438
-2.4290752
-0.17876964
-0.87703823
-1.1177246
0.20284777
-1.1932494
-2.2064785
-2.1135699
-0.677681
1.1301579
0.56072264
0.27196019
-1.0844163
-0.86777339
-0.49022305
-1.6165771
-0.56809824
-1.6700517
-0.9061856
-0.66546926
1.8911295
-0.20315213
-2.2885228
0.86994005
-0.88273567
2.9100128
-1.3397421
-0.96677791
-1.951538
2.1211814
-2.5991908
1.4425764
-1.3190436
-0.50748173
0.93743709
-2.129415
-0.10868392
0.84541052
0.81072685
-0.39376783
-1.2493422
-0.77443299
-1.0668718
-3.2865081
-0.19187636
0.56903982
-2.590375
-1.7255808
-0.83151976
-2.9126188
-1.6816289
-2.6010596
1.1524667
-2.0455328
1.6170869
-0.76371753
0.62380232
-2.2016819
1.310171
0.82986296
-1.2712506
-0.16349545
0.15750293
-0.73535569
-0.81079248
-0.66943861
-1.5368281
-0.084424433
-0.28334651
-0.15763166
-1.859285
-1.5574609
-1.9362361
-0.34541288
0.028583991
-2.2541544
-1.5418331
-1.1632398
-0.70305139
-0.16759517
-1.6193856
-0.82776437
0.79820516
1.7023944
0.16035894
-1.6937479
0.48992752
-2.6925676
-0.88169876
-2.5437928
-0.42591041
-1.3271659
-2.1463116
-0.20120447
0.25819633
0.75112607
1.9151148
-0.57768715
-0.0085287167
-1.7659745
-2.0967598
-2.390569
-1.5854488
1.039467
-2.2303761
-0.64405563
1.2154433
-0.84092008
1.6183283
-1.6331192
-2.7549988
-2.6212227
-2.1017421
-1.0078786
-0.94379194
0.15503097
-1.517727
0.77678407
-2.8726698
-1.7700889
-0.8797904
-1.8376711
0.22725366
-0.16434986
-1.7977975
-0.59706702
-1.109109
-2.389131
1.5172668
-2.1126428
-0.28557249
1.8404131
-2.971576
2.1607897
1.883757
0.50804945
-0.34595437
-0.35937649
-0.81645714
-1.626763
-0.89977222
-2.0612896
1.7310061
0.40268192
-1.9217159
-1.813608
-0.4290827
-0.96847534
1.8900534
1.6566315
-0.46350295
-1.6890909
-1.9284844
1.0473113
-0.26536187
1.052518
-0.56631059
-1.9515397
-1.3445738
-2.7818355
-0.86322629
1.0110995
-1.2282951
1.1669156
1.4131688
-1.8459708
-1.8513487
-1.8323982
-0.076459869
-1.9463624
-0.7114893
-0.4403999
-0.94500493
-2.4483308
-1.4566611
0.24527881
0.33721098
-0.056926899
-0.96167141
-1.4498375
0.16366733
-0.84782687
-1.8557044
1.9072075
-0.8113321
-0.51289844
-2.2948918
-2.6202575
-0.68422054
1.3505146
0.84586152
-0.44512644
-0.091526014
-0.93976587
-0.97583831
-2.4346236
-2.9379896
-2.0126008
-0.25283943
-0.89198828
-0.0039520362
-0.83377824
1.593889
-0.021403407
-1.1737043
0.027007053
-0.17543963
-2.0459335
0.856315
1.5106956
-1.2458544
-0.70582415
-0.55900438
-2.463378
-1.2219732
-1.7222269
-1.4852773
1.530437
-0.86873939
-0.98065671
-1.3538347
0.72546188
-1.1971466
1.2047058
-1.0664294
-0.38604093
-2.5128969
0.6938977
0.073894625
-0.19871597
-1.5335188
-1.3874817
-0.53656209
0.92694015
-0.80273464
-1.4319447
-1.1009017
1.5976384
-0.96279461
-0.35111952
-1.295836
-0.63478843
-2.4103501
0.04215715
2.0079795
0.13326948
-2.0165307
-2.0096707
-1.7871204
-0.91816331
-1.6210685
-2.435605
-2.2327402
-1.4059712
-2.4053508
0.85248446
-1.3812298
-0.78052181
1.1216673
-2.9540313
0.41959766
1.7596118
-0.74590882
-1.9294176
-1.3983976
-1.4073285
-1.6967891
-0.73419661
-1.0459016
-2.0266468
-0.80263672
-1.5831875
-1.8844595
-0.55578735
-1.0143859
-1.5356325
0.57255946
2.4231575
2.6522022
-1.4767419
1.2224432
0.078149431
2.0688392
0.074258854
-0.88324777
-0.95274822
-0.27701112
-0.97664797
-0.73713272
-0.16622892
0.37235357
-1.7900421
-1.3901984
-0.48137778
0.41781951
-1.5415142
1.6087751
-1.5680035
-0.31253427
-0.057849565
0.5408606
-1.4876579
-1.6523691
-0.93987387
-0.70170298
-1.3371823
-1.8967282
-0.072945483
-1.9669686
0.15185982
-1.0069424
-0.68574568
-2.0686633
-1.198431
0.73611127
-0.62148791
-1.2424868
-0.40309185
-2.6163494
-0.62130537
0.84944857
-2.4410101
1.4044824
-1.9651302
-1.9166941
-2.3669334
-1.1169075
1.4317256
-1.3732524
0.98890607
-0.67045166
-1.3477926
0.97875187
-2.4961641
-2.4389535
0.93436749
0.085099824
