1.3075743
0.60192128
0.24971335
-0.3925369
-0.83380344
1.2766256
-0.73437902
0.84063433
-1.5946478
0.48636887
-1.9133056
-0.1553019
-0.10187513
-1.1180961
0.77534449
-0.9417669
0.20361684
1.4407146
1.2698663
0.058403028
0.33124808
-1.6209304
0.074308541
-2.4499107
-0.34735504
-1.1676689
-0.31444534
-1.0920987
-0.34092867
0.71238856
2.9482924
1.0771311
2.1287777
-2.4507424
2.1932924
0.09157809
1.1833221
0.66581424
1.4048237
0.89912587
0.57180783
1.5679546
1.160847
0.66904125
1.7091926
-2.065969
1.2495415
0.22144977
0.02496908
-0.088525757
-1.4678951
2.0292129
-1.7126461
-1.6378359
-0.92069496
-1.7074937
-1.3464523
1.0204583
-0.1571453
-1.6089659
0.69049499
0.11894601
-0.92000222
1.9967586
2.0630051
-0.39618351
1.0438709
-0.11782219
2.3198148
-1.561524
1.1092471
-1.7816163
1.0899852
1.6869131
0.087335889
1.6116667
2.0240128
0.26244829
0.69428827
1.4355336
-0.44823961
-2.05384
1.6784847
-0.042237428
0.23886345
0.18226223
2.0534838
2.0028973
-0.92797825
0.58748224
2.1572838
-0.36709382
-0.44221206
1.9941687
0.49305741
0.52126495
0.59926961
2.0370534
-2.8468685
1.3625935
-0.36179611
-1.9648841
-2.2224888
-0.035835357
-0.46700693
0.12192588
0.44099079
0.42190056
-0.47675482
-0.12924646
1.0413506
2.0667769
1.6246175
1.1189684
1.6845968
0.024257212
0.21019851
-0.31961675
0.13433855
0.44039236
-1.5451393
-0.59667586
0.82539309
-0.6781852
-0.069554089
1.2038913
-0.89292787
-3.4419491
0.83957068
-2.2394583
-1.0412096
-1.8591463
-2.2397529
2.5025285
-0.087436992
0.95161491
-1.9251178
0.5412045
-0.33399013
0.67560733
-1.4435038
0.47860861
2.1864774
0.88145407
1.3402639
0.2796325
0.90949888
2.2357953
-1.3200169
0.38418105
0.067218838
0.68124612
-2.7890261
-1.7165592
0.66023918
-2.2632031
-1.3485548
-1.5858352
2.0816658
0.39282518
0.053076611
-1.3191352
-3.276801
0.62023503
-0.14393852
-2.3280728
-0.58852469
-1.1117717
0.36821346
-0.12938303
-0.5279844
2.6805656
2.038338
0.9086016
1.4570669
0.36362583
0.7018258
-0.25398722
1.0180882
0.62500882
1.2701398
0.25332028
-2.1353261
-1.6099762
1.3246809
0.44810006
2.9243579
-1.1704921
-2.5532057
0.76678029
1.7551407
0.048647646
-1.3694975
0.71465677
-1.6595559
0.10233642
-0.17294185
-2.0731677
-0.80034454
2.8825545
1.6058049
-0.88503951
1.0412453
0.47684597
0.65160825
1.7953779
-1.0515968
-1.4581374
0.43954633
0.39113574
-1.0586295
-1.1189313
0.72156935
2.1095062
0.45620358
-0.24846304
2.6101696
-2.5596259
-1.7710107
-1.3352278
-0.57108898
0.99733351
1.3443854
1.6423643
-0.24692887
0.79162414
0.98944062
-0.44908184
0.5876183
1.3706685
1.7690254
1.9318735
-1.3891641
1.3860972
1.5883244
-0.20832399
1.561047
1.307539
0.48988016
0.58550266
-1.8345764
0.040396525
-0.78991838
0.92214237
1.3013494
0.54705218
-1.8213086
-0.20740094
0.20586705
2.0361617
0.19779257
-0.51873576
0.20820176
-1.8467248
1.4659366
1.7232787
2.5857331
1.1985267
1.2731608
-1.3089593
-0.79770122
-1.5594775
0.82625658
1.6173382
1.3022954
1.1303458
0.34019088
1.1907964
-0.41442827
-0.29548012
1.8197048
-1.3970596
0.66061272
1.4597981
1.5781461
-0.65548126
1.2757087
1.1716653
0.81584734
0.68888285
2.9980735
1.3589485
1.3975367
-1.7672276
-0.3594031
1.9589781
-2.0751942
0.088555227
0.0025645294
-1.7032852
-0.2006421
1.4087859
0.0015231064
1.2887554
-1.3161965
-0.036174957
-1.025161
-1.6789677
1.7196502
0.76598766
0.44171806
2.0136541
0.75573411
0.34979456
0.46538135
-2.0465797
2.3396309
1.9567545
0.47441501
2.2651304
1.2145731
-1.1438263
-1.1836128
1.386368
0.39703056
1.1049641
-1.6691498
-2.6245699
1.4963919
-1.6975428
0.97450552
1.8388985
0.40301877
2.2723011
-0.82152077
-0.26505147
-0.08676465
-1.529631
1.7140512
1.1712372
0.77419965
2.2416524
1.2502156
-1.4535979
1.9023984
1.3129464
1.0338
1.6312904
0.58425211
-2.1705358
0.348905
-0.2342345
0.83206646
2.0066972
0.10269565
1.3888337
-0.91225746
-1.7301669
0.44050572
2.1759016
1.1093201
-2.5662947
-1.2107176
0.55233307
1.0874644
-0.97003524
-2.7911279
0.52934934
0.8373042
0.78445365
-0.38993001
-0.53793961
1.0233011
1.6399429
-2.0430532
-1.9664393
0.4529093
-1.0128663
-1.4382004
1.2633021
1.3845959
2.0745079
-0.34310963
1.4819727
1.1033419
-3.1085435
-0.27967641
0.84374939
0.82479018
-1.1806179
-3.052474
1.9170225
1.8910142
1.2636116
-1.40277
0.97595423
-1.1187513
0.77603306
1.3271275
0.59842145
1.0170917
-0.78370311
-0.66453762
1.0863376
-0.47225844
-2.0660456
1.8840632
-1.740449
-1.6343505
0.44980023
0.61236033
0.76435037
1.3365867
-0.098067953
1.8866132
-0.11665198
-1.6101217
-1.0326355
1.7590395
0.13017994
0.35279298
1.8306459
-0.87494337
0.38617685
0.99785981
-0.6525798
0.6478103
0.60266122
1.3059917
0.79601584
-0.77956235
-0.75991324
0.80383548
1.7519926
-2.4648281
0.011888536
0.71625039
0.69537125
0.91367328
0.53162402
0.55238799
-0.12392592
-0.61940227
-2.197039
1.2309783
1.0736639
-0.47576521
2.0702302
0.66365574
-2.2273592
-1.2539453
-1.5534642
2.2903129
-1.5296024
1.9249005
-1.4781565
-1.242155
0.10396835
0.025933306
0.054708816
1.0067199
3.0973871
1.2738978
1.8469934
-0.1649046
1.498499
0.33884925
-1.5897876
0.85168986
-1.8532855
-1.6110474
-0.40080687
-1.4294933
-1.4286223
2.3877719
0.63976817
0.34210784
1.6677692
2.2661739
-1.1910329
1.2247655
0.40883432
-0.70349406
0.38909653
0.48415271
-0.58787737
0.82804754
2.3685367
-0.72309002
-0.079083766
0.72603816
0.32522525
0.51359191
-1.9156593
-0.21349534
-1.7934841
-0.19968728
0.013060444
1.0427244
0.75579914
-1.6087531
-1.4276268
0.78691046
2.4637021
1.9394706
1.1222305
0.87604901
0.40199154
-1.5100589
-1.5494855
