1.3080553
2.4742303
0.032656239
0.36568748
-1.8354522
0.15788125
-1.3879984
-0.14869538
-0.067584037
-0.7644219
1.4653246
0.33006416
-0.58999529
0.46809746
1.0848225
1.4617695
-0.69746592
1.7012871
1.4189163
-1.8537432
-0.31839194
-0.0031361337
-1.0083744
0.71664377
-1.4735788
-0.46638613
0.12197203
-2.0070367
1.5375466
0.78653059
2.3899895
0.72751519
2.0461833
-1.5127036
0.9456473
1.2758866
0.92609133
0.32752679
3.1014175
0.58511587
0.66636012
0.683769
-1.4806924
0.29047334
2.1662096
0.98435216
0.90014523
-0.065323041
-1.5289802
-2.2454217
0.18509668
2.335528
0.47473345
0.87685733
-0.047325063
0.84943447
-2.0473549
0.40319837
-0.80973653
-0.26038849
1.3381822
0.17221057
-0.67082088
1.3660787
0.038830757
-1.1053846
0.17138137
-1.6642379
1.9604992
1.4393221
1.2028197
0.87497511
2.2795757
0.26368539
0.19805988
-0.6262534
1.926056
0.34805173
-0.78822706
0.11128867
-0.68845377
-0.75643031
0.72110925
-0.30668477
0.21028461
-1.9782091
0.85960716
1.4744925
-1.4607761
0.030628899
2.4594874
-0.15364047
-1.0162798
2.346436
-0.23629645
-1.3818601
0.54646519
0.4458369
0.051966508
0.096373835
-0.32173506
1.1604247
1.312899
-2.3023191
0.80971568
-0.6441051
0.92719402
0.86555732
-1.1990333
-1.9699062
1.6168036
0.97800898
1.9652577
-0.29754457
0.54941935
-1.4506849
-1.5272127
-2.2500331
-1.0025151
0.2111894
1.9822835
-1.5599552
0.46357413
-0.72527226
-1.6742517
-0.35675147
1.4842901
0.77281467
1.4203203
1.4155334
-0.98549763
-0.50029197
2.4159603
1.1236447
1.4314053
0.83377148
1.0044576
0.49960273
-0.98922766
-1.2814506
-0.54771103
0.55595051
1.7849932
0.53256171
0.20772803
0.77173613
0.90405554
0.22347005
1.0369643
0.079950704
-0.57212323
1.1221036
-0.019840611
1.7780471
0.058779973
0.4747149
-1.5648932
0.77870157
3.1877864
-1.4695282
-1.7077632
-0.21380582
2.1524191
-1.9310269
-1.3739923
2.0114839
-1.6239225
-0.16165566
1.006761
-1.8225819
-1.3261633
1.1541263
2.9876707
1.3297637
1.2292949
0.39387081
1.0695153
0.46990768
0.57022729
2.0116085
0.30623782
1.739229
0.90696297
1.1653692
1.3540548
-1.2558827
3.1869843
2.3489763
1.2684703
0.91130401
0.21202376
0.63398731
0.8506242
-0.091063412
1.2412483
0.84555434
-0.035342963
-0.40185791
-1.7061905
2.2379886
1.7342754
-0.8622174
0.22683414
0.64156455
0.22363626
1.5157697
-0.9368298
1.1507889
-0.20423895
-0.36009968
-1.412587
0.51662715
0.37482058
1.9506593
-0.52492931
0.5768137
2.6732145
0.39601538
0.35570075
1.6059342
0.25655219
1.3612558
0.080796336
0.8967879
-0.017155148
1.5256788
0.9431128
-1.2719168
0.41378444
0.72700279
2.8043442
2.4549959
0.99872932
1.0768794
1.1599876
-0.35215323
1.5134923
0.20646901
-2.2725603
0.54349531
2.2180506
0.89753032
-0.65409663
-0.30847368
1.0491926
1.0824844
1.2220711
-1.0973766
-2.0515971
1.6524037
-1.3995807
0.76587628
-0.97774914
1.2204852
1.2946903
0.93279554
2.2236162
1.5115251
0.36187219
0.30855411
0.7436035
2.0520825
0.20756002
0.28942649
-0.32194578
0.924483
1.3619881
0.15153303
0.93759136
1.2282778
2.5447347
0.81236831
0.42225532
0.27960391
0.87160336
-1.7678387
0.97033076
0.65741103
1.0000826
0.34987592
2.5602453
-0.62971286
0.56355449
0.28203859
-0.64932459
1.7031179
-0.044922372
-1.0844914
0.4149153
0.68242542
-0.24574845
2.8462702
-0.547153
0.12587897
1.4996913
-1.7350799
1.160597
1.4474565
1.4682406
2.0044686
-1.1146543
0.56343674
0.64927873
0.2145596
-1.2435803
1.8588564
2.8149419
0.38173888
-1.8058926
2.4608756
1.8703493
0.096048369
0.039099527
1.5707889
0.78892744
0.26692061
-0.19267965
-1.1340818
1.311491
1.3714531
0.16760491
1.4271567
-0.7242102
2.331373
0.58144574
-1.7037141
0.81488233
0.29777645
0.08875863
0.44987125
0.39769134
2.0459402
0.1647709
1.2156042
2.0318725
2.6232592
-0.86127234
1.3599589
0.84191704
0.10008714
2.1852359
-0.8854069
0.65501346
2.5560204
1.038956
0.23236664
1.4910639
0.98009845
0.85576082
1.6829924
0.3473824
2.0240733
1.7670938
-0.97858982
-0.17117446
0.40077647
1.3283785
0.49106076
-1.0288273
-0.80389179
-1.3092342
-0.57610755
1.3098544
2.0022107
1.855629
1.0169821
-0.37005529
1.3896288
0.33677426
1.7587522
0.89052047
1.9188161
1.6992251
1.6278922
0.64632149
1.0579819
-1.6333253
0.40449509
0.48465327
-1.9820385
1.0375055
1.3943992
2.0224893
1.1147475
-0.48933915
0.7880462
0.77784575
0.55960913
0.3069213
-1.3093637
-0.34184571
0.52143044
-0.63826717
0.45276871
-0.60332229
1.7672214
0.29825112
2.0290368
-1.8996983
-1.5656325
0.81419911
1.8578855
1.5111397
0.12036036
1.153323
-1.4817867
0.94225012
1.3203377
2.9154932
0.43548272
0.047364938
0.98454293
1.7565838
0.89327581
-0.30643041
-0.47820501
0.64514698
-0.95549903
0.7526316
0.72901989
-1.5992357
2.0690636
-0.66699045
1.6736137
1.1205572
-1.3125306
-0.59472244
0.67700634
-1.2407069
0.12953277
0.79548207
0.52132458
-1.4001016
-0.46168123
0.48915068
0.81792597
-0.038886123
2.3400306
0.81175
0.10232566
0.62314776
0.13810626
2.1832061
0.72280833
1.9921834
-0.091341656
1.1655223
-1.4602197
1.1232318
2.6708551
2.1530219
2.1559796
2.0957438
2.211619
-0.94535471
0.20810018
1.5677453
0.65388899
0.85335974
0.80152108
0.044075686
-1.0131138
0.028879045
-0.96082397
1.2748874
1.7718256
0.078068178
1.8512271
0.44646859
1.7247846
1.7353659
-0.27147235
-1.7380095
1.1209559
0.87717185
-1.5956459
0.71064408
1.8608313
0.34771595
0.97051685
0.45044611
-0.34049437
1.4892518
-0.346217
-1.6553395
1.1582831
-0.73132132
-0.89852542
-0.42943167
0.21928361
-0.69731435
1.2459144
2.3130474
2.6113334
1.1898303
0.43698247
-0.11445744
-1.6034367
0.0048810775
0.06867555
