2.0212217
-2.857252
0.21927982
-0.55851428
0.4162503
1.1704605
-0.21813596
0.44063409
-1.1371216
0.5902991
-1.1093771
-1.4427571
0.58274436
-0.95228453
0.17825067
-0.78407693
0.72956642
2.3628753
-0.64410614
0.698608
1.2596054
-1.5373581
0.11910222
-1.9316983
1.1954835
-0.80467051
1.8267104
-0.16734284
-1.1452458
-0.9361626
0.13152338
0.0011969966
-1.7422659
0.03378307
2.7166469
-1.4473271
1.7840631
0.18485716
-1.6059709
0.00247098
0.75907546
2.2632403
0.95468449
-0.014364656
-1.1925576
-1.8433883
-1.1663427
-0.517144
-0.44171406
0.86110798
-1.9703903
-0.13077492
-0.63463245
-0.61373433
-0.77474737
-2.0924563
0.14578582
0.63086497
1.0538508
0.28803336
1.9759768
-2.1668915
-0.047682062
-1.593185
2.0650111
-0.72255155
-0.18395724
0.62871886
-1.6087412
-0.031597156
2.0809315
-0.9234689
-1.7603211
0.88308039
-0.13424333
1.7052867
-1.9912844
-0.060296261
-0.24596559
2.0217718
1.9122729
-1.1725223
-0.20109997
2.4147197
-1.8275515
-0.080518433
2.2797987
-0.45312832
-0.40054239
-0.0098463574
-1.2178863
-1.4595528
-0.19914793
-0.93255266
-1.4226592
-0.32694915
-0.45966523
1.9427555
-1.7294146
0.75050323
-0.47476858
-1.3432201
-0.93333671
0.65148527
-0.38769967
0.4690314
-0.80584662
-0.21414074
0.073692421
0.8324595
-2.83951
1.6678278
-1.426281
0.45055588
1.977069
-0.42556603
-0.22855585
-0.023475327
0.1669304
-0.99711182
-2.2431037
-0.56365534
1.7266173
-0.76019756
0.9991731
-0.28132397
-0.16157874
-2.0441488
-2.5192358
-1.7048768
-1.452828
-2.5928132
-2.5669475
2.4072064
-2.8937358
0.22722618
-1.4378523
-0.88303085
-0.55389217
-0.47626246
-1.6795274
2.0903193
0.15405883
0.44342556
1.9185495
-0.54948834
-2.6648828
-1.5527707
-1.6151095
0.50946862
-0.16591989
-0.9935667
-1.0336751
-1.8360737
1.0424579
-2.2166105
0.65021565
-0.54656593
-0.5886335
0.73991656
-1.0670383
-1.2284046
-2.5752108
0.99306476
0.14294445
-2.1476569
0.4553808
-0.30580208
-0.3815658
0.47603276
0.22022606
1.6375799
-2.1541237
-0.76028483
-1.2128345
1.133117
0.40209441
-2.1131237
0.75572044
-2.9494637
1.3494364
-3.105796
-2.2752435
-0.64907537
-2.128687
0.32075455
-1.5785502
-2.2185421
-1.272795
-0.85914878
0.063820285
-0.99558951
-1.2797566
-0.26265588
-0.77204427
-0.64514642
-0.53601522
-2.8389049
-0.011902792
-0.87359467
-1.9247242
-0.2305291
0.69622308
0.30505167
0.51517682
-0.63116696
-0.63159434
-1.4962421
-0.041534951
0.49460742
0.80058357
-0.2709526
0.21875105
0.43498761
-0.24268144
0.036428708
0.0028728523
-2.368877
-0.076708263
-1.0252734
2.0032243
-0.65540637
-0.40224667
2.8072814
0.61653582
-1.0969711
-2.4401497
0.22238654
0.13066547
1.8047805
-0.77816693
-1.5589743
-3.1255399
-0.44220073
1.8659571
1.2798663
-0.51789644
-0.42780935
0.86009864
0.5048958
-2.8314152
-1.3466721
-2.5055581
1.9874036
0.33505192
-0.23556689
-1.0021886
-0.58785083
0.47072786
-1.9477045
-0.48856973
-0.91405105
0.78682826
-1.666799
2.23287
1.8695309
-1.4174968
-2.6027387
-1.0361462
-0.73715848
-2.7130274
-1.043135
2.2420581
2.1059923
-0.43101206
-0.098558288
-2.6290634
0.47795396
-1.9524717
0.50540652
-1.8897992
-0.22686478
0.62223012
-0.27625806
-0.096207453
0.29119681
0.39724162
-1.5513127
-0.61464395
0.97597483
-2.6170166
-0.2199892
1.1711666
0.058463702
0.43725877
-1.1880989
-3.5458788
0.89638373
0.012606003
-1.9831469
-1.6328148
-2.7772717
0.87117517
-1.4046807
-1.2999894
0.19474562
-0.8356132
0.011880803
-2.2809486
-2.2544184
0.41478791
2.1521062
-0.033906105
0.86990186
0.50898674
-1.1589216
-1.717593
1.2348243
-1.3136303
-1.8035245
-1.3843909
-0.79150218
-1.2104292
-1.2838842
0.20496066
0.32846771
-1.9782892
-1.6727168
-1.5698959
-2.0572205
0.63574437
0.5609313
0.60648325
-1.7396845
-0.15030832
-0.4594194
-2.2482541
-0.95503947
1.1787422
0.64960614
0.66045764
-1.7386128
1.1437508
-1.9000827
-0.70724024
-1.3463673
0.19882129
2.2386355
-2.0810327
-1.7276751
-1.4280436
0.8486517
0.66229219
-1.8979915
-2.2397751
0.94935234
-1.6428359
-2.0945356
-0.39656721
0.19354712
-0.48273223
-2.8413478
-0.99525782
-1.2360781
0.67813308
-2.5867688
-1.4383548
0.80054296
1.1971251
-0.45844726
0.34679858
-0.49242682
0.12089487
-2.061691
-1.5643984
-1.5490102
-0.42667017
-1.7186899
-1.9289408
-0.54064395
2.3640455
-0.55645548
-0.33529255
-2.3978496
-2.291697
-2.4129018
0.33580271
0.7979581
0.66419021
0.21572146
-0.91298431
1.4441037
-1.2260075
1.8407881
-1.0439952
0.56374727
-0.88988286
-0.17806542
0.85826753
0.7963546
0.16855072
-2.9426037
-0.4628389
1.0779302
0.62508455
-2.2464306
-0.3055657
-2.4851953
0.26154583
0.98431647
-1.5246179
-1.8734887
-0.79734396
-0.98941959
0.16912889
0.096467879
-1.6441831
-0.59990963
-1.9974521
-0.72640287
2.3496465
1.0698322
-0.7079562
2.3502187
0.48321523
2.4871397
0.071333552
0.66169643
0.053441305
0.59206598
0.54967364
-1.2320014
0.37873755
-0.77992746
-0.97720635
0.74796974
0.69739224
0.37308091
-0.047368043
-2.1877383
-0.18033532
-1.4295889
-0.12300987
-1.4280285
0.83831276
-0.77760968
-2.1281983
-1.7493078
2.1601771
-1.567386
-0.11220859
-1.5460915
-1.0322186
-0.59859532
-0.91303987
0.055165568
-2.4249954
0.50991575
-1.9587511
-1.0970273
-1.6834874
-0.89596777
-1.6974003
-0.75451377
0.63877187
0.47844905
-0.44625713
-2.2929524
-2.7057842
-1.029821
0.0032940866
-0.51581578
-1.5137076
-0.72017737
0.48002583
-1.3517369
-2.2843664
0.028683802
1.0122445
-2.8382477
-2.8452285
1.2991043
0.32210062
0.18063522
-2.0952027
0.086033526
0.26627919
-2.0260227
-2.2332913
-0.73598647
0.41503845
0.69381564
1.6292587
-0.29053732
0.77500346
-1.1659635
-1.8642575
1.193817
1.3457325
0.34841895
0.8160625
-1.0653481
-2.0993584
-1.7045372
2.7485765
-1.9625758
0.26240242
-1.3160158
-1.1608606
-1.7711001
