-1.374682
0.022048581
-0.62875719
0.92816781
0.16542794
-1.4672942
-1.7848927
-1.0666455
1.3522988
-2.4513969
0.50637647
1.3398074
-1.5689016
0.59960824
-1.2685197
-1.2905755
-0.82502864
-0.99052212
-0.9976593
-0.48396171
-2.9613579
1.7987215
1.9161363
0.22655288
0.30391839
1.195644
-0.82793252
-0.14168544
-0.233132
-1.1747145
-2.0592269
-0.98488863
-2.2077632
1.739327
-2.2934618
-1.1938174
-1.3328088
-1.4349444
-0.23699701
-1.1267422
-0.18620222
-0.47798683
-1.8470719
0.66878556
-0.31430658
-0.073000056
-2.0224638
0.57551512
-1.9327872
-0.23747301
2.7017725
-1.645253
-0.39286055
-0.43771398
1.541906
0.32301266
-0.3254409
-1.2843457
-1.2177382
-1.0379334
-0.74151229
-2.0607414
-0.39583034
-1.9149289
-1.7374594
-0.68754234
1.3081731
0.077171132
-3.2429542
0.71284224
-0.87605314
1.2453725
-0.052996758
-3.5818256
-1.18915
-1.5326991
-2.235284
-0.89827837
-2.5880023
-2.813621
-1.1568333
2.2190699
-0.56768597
-1.4784251
-1.6092886
-1.3849011
-2.61744
-0.033489147
2.1249839
-0.62114179
-2.9368322
2.3764565
-1.3494699
-3.3614788
-1.9753651
0.27982141
-1.4149736
-1.5663029
2.6666909
-1.4047074
1.430286
0.79679078
-2.0638322
-0.16330804
-0.71278112
-1.0513536
-0.05265848
-0.14848483
-1.5909944
0.87612126
-3.1968776
-2.3082076
-1.5485754
-1.6119113
-0.11839413
0.06031169
-1.5118897
-0.29401478
-0.97077675
-1.4111166
-1.9554629
0.18470402
-0.5537375
1.6679469
-1.7128673
-0.73601456
-0.12974109
-1.7849353
-3.4656542
-1.3973463
2.8808916
2.5672736
-0.71708594
-0.46346296
-3.1860565
-1.2174288
0.24642477
-1.3231741
2.3000663
0.016072228
1.868914
-1.3128994
-2.0473536
-0.8332066
-0.97931297
-0.98454609
-2.4900188
-0.14316094
1.2488387
-0.061174781
-0.96576584
-2.4824755
-0.99658734
-1.1510092
-0.7518752
-0.69341333
1.9540825
1.2302085
-0.64512325
0.076711859
-1.4787416
3.1320352
-2.1056793
-0.50147435
1.5574604
-1.0511486
0.12148941
-0.11436967
-0.87615729
-1.3542975
-0.92633788
-2.755106
-2.2044612
-1.5745101
-0.76814891
-0.89869363
-0.27298355
-1.207048
-1.0882777
-3.8418479
-1.276854
-2.6459798
-0.87120322
0.95952198
-2.1869878
0.03960477
-2.043339
-1.5512033
-0.71829232
-0.66441419
-1.7631781
-1.3613037
-0.10561774
-1.5507036
-0.75508829
-0.20003532
-1.0030246
2.9940127
-1.4330745
-2.6964627
-1.5748379
2.9368842
-1.4217383
-0.49897933
-0.67904813
-1.1752266
-2.1699516
-0.77627312
0.58146127
-2.3626117
-0.17325853
-1.7732442
-1.2314074
-1.5637859
-2.3887707
-0.28985481
-2.4399013
1.7602503
-2.3286353
-1.2570794
-1.7753432
0.10344383
-0.94153304
-1.8817533
-0.59128644
-2.4290602
-3.3218114
-0.22087163
-1.1335489
-0.96801463
-1.1785565
-2.420969
-2.0293021
-3.5429424
-1.6617073
-0.47675883
-0.34030536
0.38343917
-0.36775554
-1.0278372
-1.4617915
-2.1045036
-2.7865271
-0.58879339
-0.058392008
0.52354105
0.44458861
1.2490177
-0.033503304
-0.5585315
-2.0054802
-0.52313172
-1.5958385
-0.79176029
-1.8223913
-1.6568669
-1.6695194
-1.3264907
1.3082263
0.74789266
-2.9691784
-2.1509277
-1.6377285
-1.8599135
-2.396319
-1.2643427
-1.2297426
-1.2355135
-1.7840905
0.83896371
-2.3405321
0.8742947
-1.1308266
-2.5645344
-1.4422378
-0.047047146
-1.0468416
-3.100511
-1.0551447
-0.84890307
-1.4811534
-1.2514956
-1.6178751
-1.360444
-0.33411357
-0.28427802
1.6624184
-0.59813134
-0.59102329
-1.3085672
-2.0853101
-0.92427849
-0.62753474
-0.033857418
-0.14128936
-1.5308556
0.51482941
0.75726951
-1.0775255
-3.2113267
0.95608974
-0.24723517
-1.0134288
0.080678042
-2.3367779
-0.41836549
-1.0927887
-1.5363071
-2.1316522
-1.2721243
-1.9192087
0.94721242
1.526956
-0.40461426
-1.1827572
-1.3336307
2.1247115
-1.9154006
-0.48934679
-0.71401129
-2.4216349
-2.6545806
-2.3312939
-3.2697065
0.48719889
-0.71613023
1.5701192
1.1615662
-2.0952367
-1.1540445
-0.92126152
-2.1583563
-1.1903324
-2.2427524
-2.5353271
-2.3881494
-1.4151665
-1.0702428
-2.2298859
2.4076062
-0.39250437
0.92737922
-1.1957805
-1.8633256
-2.1385456
-1.6794532
-0.46985677
-1.8829815
-0.11513892
-2.1514847
-1.752978
-1.1235391
-1.3158945
1.7472481
-1.7833901
-1.30628
-1.3900102
-0.49053591
-1.7948767
-2.1868863
-0.18553566
2.2510161
-1.9557916
0.41595519
-0.93419052
0.85618231
1.2341245
-1.4265465
1.9344238
-2.3646069
-1.6481838
0.76710714
-0.099352585
-2.7192104
-2.9879273
-0.76611161
-1.4519034
-0.7234742
-0.69202098
0.097467494
0.74240442
-0.52942702
-2.075478
-1.1701473
2.7342734
-0.72063134
1.5587367
0.16624921
-1.2421632
-2.4524983
0.57195968
-1.1196387
2.7985199
-0.83119953
-0.66422842
-0.90447417
0.38826274
-1.2654507
-0.17563735
0.83879234
-0.48055137
-2.6621683
-1.6361269
-1.1392705
-1.821882
-0.99579032
-0.18262511
-0.54092033
-1.4638858
-0.9526875
-1.540502
-2.3755706
-3.1270495
-2.5680421
-1.1283284
-1.8655367
-1.0011769
-2.5434565
-0.36070149
-0.73405668
-0.48911161
-0.90553377
-2.3807344
-0.13389201
1.2818868
0.256296
-1.8107639
-0.94917168
-0.32690128
-2.1104287
-0.74487768
-2.1506071
0.042861944
-2.3068158
-1.6754906
-2.8457508
-2.2087624
-2.9668369
-1.9177042
2.1037451
0.2162465
1.6107913
-2.021164
-0.48665676
-3.2584075
1.2457014
1.4227489
-1.1914915
-3.1400676
-1.7122705
-3.1666866
-2.7769579
-0.73309972
-1.5165061
-0.76145274
-1.0275208
-1.7255242
1.5027401
-2.6289332
0.64366773
-2.8631487
1.3236868
1.5788116
2.728839
-3.1686947
-3.365413
-2.7455952
-1.507146
-2.5967297
-2.4112914
-2.6682677
-1.2432643
1.8396374
-0.35871068
-2.6418724
-0.51595735
-0.88003392
-0.75126181
0.13778676
-2.0404564
-0.94714975
-1.4882971
-0.42895117
-1.3573568
-1.1748715
0.92656687
-2.5133223
-1.2632099
-2.0401637
-0.96514649
1.6299631
-0.063591955
-1.7073177
-2.5784925
-1.9428571
-0.57052728
-0.76990671
-2.149389
0.13858994
0.8946152
