-2.8602928
-0.3477541
0.31637023
-1.2369266
1.3320755
0.30897843
1.4949445
-2.4471174
0.62365671
-1.1511476
-1.6000214
1.2555587
-1.8402727
-2.2199935
-0.35764311
-0.61176819
-1.6233072
-2.6854449
-0.14603371
2.7274829
-1.9358121
0.76669864
1.777134
-0.3235331
1.3924232
0.22072279
-2.7380924
2.6350563
-2.4861983
0.24908796
-2.5360151
-0.99382638
-0.5251806
2.619103
-2.3916452
-1.2244465
-2.8738481
-0.22699069
-1.8242686
-0.081726707
-0.7578523
-2.1072193
1.5082416
1.5071403
0.025498388
-0.77438595
0.044095466
1.3286311
1.7675776
1.4523112
-0.14347997
-1.30782
-0.90912608
-0.1627637
0.5931972
-1.2267239
2.7144685
-0.16302425
-1.5436308
-0.53780136
-3.1880505
-1.0964569
-1.5313955
-1.1050461
-0.89113139
1.2295589
1.421029
1.7275466
-1.1711997
-1.7724962
-2.4330648
-1.2481261
-0.24305051
-1.9878832
0.19166949
-0.84739485
-0.27456957
-2.1722395
-1.3277538
-2.1054998
-1.8179028
-0.36310959
-0.042642248
-2.4488523
-0.60196235
2.4103391
-2.326218
0.12818104
2.5246023
1.015495
-2.4030247
1.4519119
-0.80844504
-1.9474979
1.2748515
1.4414354
-1.0261161
-0.27036418
0.26707682
-2.816284
1.0930265
-1.806299
-2.530372
3.2098864
-2.7299397
-1.6722097
-0.0813446
-0.085953718
-2.3658037
2.3981741
-0.2943713
-1.873458
-0.013729371
-2.8319366
-1.550818
0.30608058
1.9350396
2.503767
-1.2791056
-2.2343912
-3.1113298
1.8549513
-1.840402
1.30602
1.8879505
-1.1375596
-2.7491387
-1.5366802
-2.4056088
-2.1807697
0.33553922
-0.022946251
-2.8932904
-1.2160247
-1.776001
-0.039026596
-1.8259327
0.6076246
2.486902
1.3515623
0.80271277
-2.6124828
-1.6507162
-0.096217803
-1.4215959
-0.28873085
-2.3358251
1.0761667
-1.4916597
-0.51443758
-2.0331301
-2.8161592
-0.41014301
-2.2730481
-0.58064164
-0.60105266
2.476475
-2.2972866
-1.7981279
1.5422808
2.1119726
0.99500648
-2.7900228
2.2941039
2.333642
-1.9144216
2.3644616
2.0791327
-0.2650329
2.0596362
2.4458272
-1.8805936
-1.569186
-0.49574569
-0.80299008
-1.5111948
-0.89166241
-0.80163321
-0.090467096
-1.6648466
-0.60823467
-1.7512393
-1.4398433
-0.46751703
0.39098164
-1.5924519
-1.3172953
-2.9501147
-1.3578226
-0.85652686
0.057579439
-0.1393288
-0.57110623
-1.1494283
-2.2608945
-0.83609655
0.65092122
0.59310498
2.1063422
-2.3421794
-0.69183554
1.4681505
0.82694337
-0.78586526
0.29751313
-0.19647562
-2.2811745
-1.2467174
1.0509354
-2.0447855
1.5189345
-1.9532083
-2.9566776
-2.0106123
-1.7161849
-1.4787649
-3.047978
0.45501821
-0.75141902
-1.544995
-3.635746
-0.36646589
-0.79735527
-3.2888149
0.22613989
-1.4014353
-0.34363608
1.7670751
0.089641364
-2.7723312
-1.1743985
-0.43571769
-1.4137523
-2.9365674
-3.4034001
-2.0579908
-1.208889
0.96460989
3.2054007
-0.4651232
-3.1594394
-2.3085304
-1.2079366
0.47432721
0.057361255
0.36349858
-1.827673
2.0666237
2.0410258
0.32262537
1.1644638
-0.50957844
-2.9433327
-1.2103202
-3.9237842
-3.5587475
-0.88332683
0.31225884
0.034032926
0.42275301
-2.0716481
-2.3314416
-2.8159319
-3.0442574
-1.0140727
-0.20663419
-0.77735089
0.12614863
-0.79465338
-0.89868559
-1.7366798
-2.0234827
-0.63267254
-3.0521976
-3.190541
1.6481056
0.035515878
-1.3339036
-1.3328854
-0.28863813
-0.001646413
-2.0427433
-2.8021088
-1.5995997
-2.2834592
-0.17990578
0.27466618
1.862629
0.047809396
0.31945881
0.40800025
-0.73393666
-2.2235375
0.68144337
-2.2142605
1.79688
-1.1468653
-1.4602638
-1.0546846
-2.154389
2.1098565
-0.29098208
-0.24561146
-1.2056819
2.1726919
-2.296385
-0.69568383
-2.633567
2.1263929
-0.24787474
-0.53311172
-0.63784633
-1.5076092
1.1647182
-0.17171423
-2.4769194
-0.36630403
1.9683273
0.42480348
-0.20244627
-2.0058538
-3.5824703
-3.043019
-0.27030211
-1.2099244
2.1797279
0.75894871
-0.83226709
-1.8594712
0.070736823
-0.078309669
-0.13592958
-0.018075627
-1.6215319
-0.7411731
-1.1875959
-1.2207793
-3.1985276
-0.7603743
0.54000518
-0.59217886
0.91967147
-0.51134259
-0.83481319
-0.34923191
-0.47601969
-1.9253833
-1.4398633
0.097934071
-3.4351657
-0.032678416
-3.5612305
-0.89105791
1.7834831
1.0325846
-1.3730432
-2.0430785
-0.68910447
0.27162146
-0.99071216
1.8777356
1.808319
-3.5629461
0.5614101
-2.4717297
-1.2737686
2.4089692
-1.3486322
0.496695
-0.75414651
-3.5874841
0.25844763
-1.4281884
-2.156346
-1.5203659
-1.5623844
1.6878305
-0.27711929
-0.0040737309
2.280926
-1.3636195
-1.4573925
-1.8059095
-2.8781543
0.96227022
-0.36802424
0.1813456
-1.2994004
0.18445812
-1.3659303
-0.18311886
-1.1895243
1.7247944
-0.46121655
-1.5627529
-3.4356414
2.1587098
-2.2852253
2.1809965
1.735623
-0.023734774
-2.0535812
0.027783162
-1.3060096
-2.1359222
2.0701281
-1.4166562
-2.4549396
-0.85492904
-0.9301037
-3.0426171
-3.2816934
-2.7275287
-4.0217201
-1.2611365
-2.6594184
-0.10556832
-1.5277776
0.407539
-0.55374836
1.3416992
-0.96828264
-1.8278391
-0.93736339
-0.73782075
1.834817
-1.3490904
-0.86810135
1.7054871
-0.68891977
-0.045692445
-1.3575152
2.8731936
1.4989916
-2.7955575
-1.9705701
-1.2250291
-0.89737627
-4.1982976
-0.45392355
-1.3906591
-0.21715772
-0.76639231
-0.94447033
-3.0629346
0.76748838
-1.9090349
0.10394036
-2.2324821
-1.7906902
-1.5867189
-2.0890804
0.36207009
-0.29530123
-1.6811277
0.63812607
-1.6504031
-1.2847672
-2.2912618
-1.50471
-1.9156398
2.0909841
0.48136724
1.4467696
-2.8738476
-2.5804219
-0.141421
-3.2350006
-2.3156067
-3.269482
-1.5782126
-2.2438728
2.2796423
-1.123606
-2.5985236
1.5520212
-0.24676165
0.571721
0.44708835
-1.4479542
0.13401329
-2.4654247
-2.5976332
0.017080246
2.6008312
-1.7508488
0.12786837
-1.7301334
-1.7542658
0.01993139
1.2212575
-2.2522397
-1.3001976
-0.13237309
-2.8178703
-0.5699807
-2.4836596
1.8349478
-1.4043646
-0.088841127
