-0.40370909
-1.6863503
1.5496467
-1.8246339
-2.9261571
2.182447
-0.82342657
-0.78533018
-2.5395791
-1.025627
-1.9736392
-2.5848607
-1.1112822
-2.5610161
2.8104153
-0.82788924
-2.8357442
-1.0087892
-2.2389133
-1.138685
0.68243793
-2.5468145
-3.1526419
-0.37019919
-1.8072747
-2.5297955
-1.2519888
-2.4155569
-2.9318304
1.6043348
0.56254975
1.5915643
-0.62598171
-2.6263328
-1.5041274
-1.0974546
-1.3731901
2.0320087
-1.0890005
2.5789359
1.761104
-0.47177813
-0.3398467
-0.62029599
0.12436054
-0.12698913
1.2727686
-1.4285416
-1.2885613
-3.301605
-1.4721853
-1.7011334
-0.82669326
-0.96246223
-2.3046456
-1.8248262
-3.0781361
1.7636497
-2.0397566
0.01728217
-1.5736592
-1.5560397
-1.41919
-0.10924006
-1.6651818
0.88949557
-1.7579745
-2.4599728
-0.55093736
-1.3789545
-0.62613218
-2.2281972
-2.6092999
-0.33651143
2.6208167
-0.36730184
0.618897
-1.3478808
1.2099963
-1.3112246
-1.060531
-1.6028916
-2.774195
-1.0409175
-1.7341085
-1.8001299
-0.038258767
-0.70848025
-3.2340118
2.0083088
-0.5639145
-2.557424
0.0068873157
0.54410248
1.6694934
-1.9331141
1.2612476
-0.38799048
-1.6671739
-2.8816928
-1.7464658
-2.1236481
-0.1414438
-2.6156218
-2.2501712
-2.2775004
-2.9698888
1.3753021
-0.19796557
-1.9171219
0.16789987
0.58529875
1.2957911
-1.4737292
-1.4799931
-1.1419509
-0.0029936835
-3.1058496
-1.083314
-2.5044081
-1.254812
-2.594681
-0.68639823
-1.0458089
-0.25447897
-1.4789046
-1.5444594
0.10568435
-1.3455513
0.089167317
-2.3919918
-2.7894078
-0.17456831
-2.626923
-0.032737675
2.4725683
-2.5635371
2.2664319
-2.9571107
-2.4377277
-1.1185306
-0.84584631
-2.2181885
1.8696968
-1.8236995
1.8778843
-2.0000822
-2.7572693
-2.2035609
-0.80599084
-2.2851973
-3.0874519
-0.61918202
0.020627843
1.7882583
0.32822942
-3.3982303
-2.1888254
-2.0608275
-0.39668578
-0.91583243
-2.4773974
-0.45164379
-2.8345796
-3.196043
-1.5251766
-2.3823504
-0.02354665
2.3316625
-0.6549878
-1.1315759
-1.7283696
-1.4648316
-0.42315645
-2.9334976
1.0623509
2.1632906
-2.4918889
2.303958
-1.6159706
2.0065442
-1.9872399
0.68820722
-1.7593009
-1.5085716
-2.047138
-3.1035489
-1.493705
-2.016287
1.4256864
2.1032511
1.4003987
-1.4810806
-1.3953088
-2.1965717
-0.20317557
2.2876664
-1.2086726
-1.0546736
-2.5841182
-1.3730454
-2.2415869
1.3932906
2.0664219
1.6599897
-0.070523966
0.3047582
-1.9509988
-2.7834269
-0.18559888
-2.3994367
-0.28226619
-1.8750542
0.95900107
-0.65640875
-2.4070933
-1.0362012
0.24425794
0.52323369
0.62375741
-1.3081915
-3.7284403
-2.5458218
-0.9778198
1.1450197
-2.4626334
-0.81620807
-0.53114362
1.8000535
0.54442346
-0.43498502
1.8384856
-1.7629232
-0.76910743
-0.15952927
-2.4036304
-2.8626453
-1.9471335
-2.0228193
2.4970125
0.031686555
-2.9499026
-2.0438611
-1.4190954
-2.1554906
-0.513874
-2.3353358
-1.1740357
-2.9360012
-1.4778952
-0.77260153
1.6881364
-1.1422715
0.4937207
-0.75366093
-0.42247724
-1.8918001
0.11419419
-3.6039118
-2.4184401
-0.86929552
1.8068122
-0.51088718
0.42536028
0.75484693
2.3480069
-1.9578736
2.6960779
-2.4498209
-1.4593695
-0.26648575
-2.3731471
2.1904974
-1.622941
-2.9803328
-2.7961883
2.3474811
-0.88347902
-3.0129615
2.0382243
-2.6406498
-1.2189694
-0.39367232
0.54776291
-2.6569594
-3.1278659
-0.55718479
-1.6021867
2.6241806
-0.60844412
-1.6855897
-1.1432932
-2.6331549
-3.0791893
-2.0372134
-1.3577102
-1.7733897
-1.4221132
-1.7193997
-0.25975925
-0.30095306
-2.2535102
2.1001115
-2.3742212
-0.20486826
-2.0612043
-2.0492322
-0.85140402
-0.85465134
0.14840015
-1.0836735
-2.9697346
-3.0979343
-1.2902637
2.881742
-2.8352529
0.31613536
0.67267906
-2.5847857
-1.841782
1.3449899
-0.77627782
0.061826447
0.6879858
-1.6435121
-1.0244302
-0.58607837
-2.2266573
-0.055160831
2.6220379
2.6341706
-1.7560704
2.2913316
-0.6052979
-0.73557677
-0.79230868
-2.7063086
-0.79409783
-1.8536382
-2.649943
0.99941434
-2.128294
2.4690009
-0.55507875
-0.3750779
2.4589118
-0.88374758
0.20969761
1.9806743
-0.96465424
2.1130749
-1.4265135
-1.3490271
-2.6782873
1.3953741
0.50928475
-0.12049413
1.3786573
0.13802332
-0.48590646
-2.4649826
-3.9674666
-1.8345159
-1.7343983
-1.342578
-1.8508653
-2.2317752
-1.9100872
-2.4082843
-0.48662847
-1.009499
-1.7357491
-2.3435582
-1.9347143
-1.8444107
-0.73111128
0.37646007
2.2860242
2.5466509
-2.3646271
-1.353319
-0.90376273
-0.56569339
-0.20224593
-2.6252497
1.9549132
-1.229803
-2.1679962
1.4587699
0.99795047
-3.1125015
-2.3633054
-2.6543755
2.2647606
-0.92957558
-0.57006779
-2.7744697
-0.05493869
-2.5076896
-2.4653296
-3.4129696
-0.44022674
-0.62769562
-1.8360933
-1.8302917
-2.6503428
-2.1043072
-2.0582807
-1.178876
2.2099729
-1.0426616
0.65244032
-0.58791157
-0.84496031
-0.64562162
-0.74663113
2.0353596
0.47966393
-2.916775
2.226737
-1.5595881
-0.62361881
-0.93335608
-2.6911827
-2.2132134
-2.7860454
0.16372747
2.0617567
-1.619477
-2.2853424
1.946916
-1.6131058
-1.3589661
-0.26776487
-1.5816534
-0.034857256
-1.2802469
-0.78363145
-0.3269094
-0.59631247
-2.3443194
-2.7125769
-0.39114877
-0.91230757
-1.5034444
-1.466388
-2.5540661
-0.19060721
0.35582094
-0.67708631
0.85780668
-1.5581212
-1.9625127
-1.4358508
-2.7253259
1.7436924
-0.13705193
-0.57191594
-0.94256231
-2.4903583
1.1571463
-2.9715556
-3.2636109
-3.0869662
-0.033950191
-1.1596064
0.085123633
-1.8219714
-1.9885838
-1.0548994
-0.91113723
-0.066735794
-2.7968795
1.7435196
-1.137224
-2.8017919
2.2049323
-1.8934687
-1.4103644
-2.4038909
1.6975974
-1.4025976
-1.2661018
-0.50775233
-1.3365329
-1.7386971
-1.8732082
-1.2208426
-0.4750653
1.9699192
-1.7931338
-0.75763332
-0.80181422
-1.5895637
-0.82875741
-2.1621816
-2.068426
0.11117639
-2.4600069
-0.91098756
