-0.91294564
2.8051568
1.171273
-0.54881329
-1.4035747
1.0353464
-0.23956237
-1.6571092
0.85589237
-1.8262798
-0.26023823
1.454912
-2.1344508
-0.40205731
0.98641594
0.04162709
-1.936539
-1.2435929
1.068313
-1.3796122
-2.7014203
0.72053714
0.21938019
0.59686682
-1.7693761
-0.91147097
-1.3698293
-1.9210983
0.1425086
0.8604218
-0.67192146
-0.51207754
0.19718734
-0.65140385
-0.34762167
1.618114
0.15545841
0.65773551
2.220346
1.9023191
-0.077366382
-0.72643239
-1.5624479
1.4380417
0.67108528
0.70012078
0.079255449
1.1288117
-1.4078939
-1.6736078
0.93162481
0.48948174
-0.18539009
-0.4007061
0.96231261
1.1357741
-1.4500228
0.86983263
-2.5570974
0.15800515
-1.7496001
2.1408699
-0.83640037
0.99171171
-1.1600449
-0.96744232
0.13978995
-1.1148086
0.26429611
0.56165327
-1.0173146
-0.67856452
1.2629318
-2.160603
1.0912882
-0.59918346
0.74619307
1.0336846
-1.8177607
-0.54880733
-2.8932834
-0.47611883
1.341981
-2.3013912
2.04267
-0.71592791
-0.15055185
-0.74177239
0.001338848
1.6882517
0.26196832
1.1024851
-1.5298509
-0.81899468
2.0987948
-1.1538473
-0.76681716
0.58052975
1.0662029
-2.3864766
0.39566073
0.6177929
0.52558509
-1.8323628
-1.1051338
-1.6815761
1.0124118
2.1202425
-2.3929779
-1.357413
2.4571787
0.69791059
0.61724009
-1.6527191
-0.20715133
-1.250094
-1.0549615
-0.69111628
-1.460939
1.7617495
0.4390516
0.057201266
-1.7632164
-0.40611743
-0.93564152
-1.5010967
-0.70063928
1.0763695
2.464981
0.47727883
-0.47806195
0.75992329
1.4412671
-0.31215059
2.6796786
1.733425
-0.27398919
1.9231404
-0.073068147
-0.031786357
0.80320368
-1.5184471
0.75369018
1.2187982
-1.1353614
0.15544847
2.1155737
0.73673955
0.25604551
-0.9943233
-1.9153753
-0.56412848
0.067075383
0.75065228
-0.79631105
0.43412587
-0.74725766
-0.75827577
0.31541395
-1.9323863
0.064955887
0.042713579
1.0661007
-1.5946449
0.092091979
0.51662123
-1.573426
0.75492247
1.5202388
-1.8068177
-1.6445383
-0.012835593
3.0416402
0.18103511
1.7820198
-0.73466036
0.27186928
1.6480879
0.73651426
2.6379051
-0.070591063
2.3951124
1.3596404
-0.90700935
2.0949697
-2.5440729
3.015668
0.90655532
1.0682174
-0.1996301
1.3934042
-0.10329269
0.36032424
-0.77322755
-1.442278
0.7920714
2.2376947
1.3768338
-1.3329982
2.2637959
1.2627337
-0.14621225
1.0701304
-0.087527664
1.3125051
0.13127214
-1.612
0.040928575
1.7868547
-2.1745387
-1.0997438
0.39087415
-1.6730394
0.082026188
-1.3268355
-1.4833912
-0.6803353
2.1892476
0.087022061
0.24896691
-2.4569802
0.77016289
1.0741636
-0.99525569
0.85404648
1.2719776
2.767759
-1.4487362
1.0490832
-1.5075213
-0.40078914
0.84666958
2.8018408
0.89508695
-1.1140272
-1.4223469
1.4236126
1.7706338
-2.0493549
0.052032039
0.95283227
0.023815025
1.6433623
-1.4112569
0.6740881
0.37350295
0.49106633
0.517775
-1.7977032
2.9872857
-1.9131894
0.85251823
-2.0845002
0.063041663
-1.5159337
-1.6920187
3.1000402
3.5517589
0.42863516
0.61359018
2.6946311
0.95822191
-1.5374784
-1.5283915
-1.2338393
1.5920879
1.9899284
0.45688134
1.3095284
-0.18997957
0.64191781
-1.4300184
0.085956474
-1.1087863
-0.55295033
-2.1928743
1.5595893
1.7348917
1.6261639
-0.41551954
3.6090042
-2.2230517
0.43571208
-0.54098296
-1.5159801
2.2901695
2.7401182
-0.85176237
2.0276648
0.74257107
0.73766966
3.3514429
-2.0047875
0.9658163
-0.007672691
-1.9779046
-0.41566682
0.19167309
2.8276325
2.0766353
-0.16639853
-0.1191653
0.8915377
0.9725881
-1.0084666
1.2327411
2.8269592
-0.68629368
0.42163192
0.74020951
0.59810585
-0.8356673
-0.84792365
0.33481486
0.64591797
-1.3514305
1.082943
1.4536986
1.4947113
1.4499799
-0.19507138
0.91972441
-2.1477591
0.93046946
-1.0844994
-0.19231634
2.9288419
-1.365911
0.54323785
0.76151527
0.14528146
2.7446968
0.082100397
1.3211081
0.18923194
0.97575092
-1.6750346
-1.5702177
1.8909317
1.1907994
0.78198863
-0.78031746
0.87501002
0.67431116
2.3619486
0.49519012
1.0717541
1.2757919
2.2165642
-0.046839217
0.13181894
1.1640101
0.43000497
0.14336151
0.96492744
2.0284453
-0.25817006
-0.29287834
-1.6505691
-0.83521687
-0.95334949
0.18566564
1.0654851
2.9283476
1.343313
0.31996946
0.69429331
0.25216301
1.5705012
-0.20346651
-1.625664
2.8661222
-0.046278617
2.5940858
2.0822471
0.97721717
-2.6343968
0.35268454
0.35692093
-1.6687994
1.1618668
-0.58416944
0.33400777
-1.0831152
0.41021591
0.67141474
-0.1897795
1.1984732
1.108998
-1.4644764
0.49782965
2.889351
0.020113911
0.033910399
-1.2307605
1.1594302
1.3428501
1.0216542
-1.507443
-2.0182956
0.90916322
1.9136682
1.1710541
1.1023305
1.3347008
-1.2660933
-0.097331636
-0.87283386
0.89099531
1.2337896
-1.6400155
-0.2394347
-0.29184758
-1.4609369
-1.502097
-1.9139956
1.5078004
-1.6792311
1.3485522
-0.14301792
-0.55965642
1.3458654
-1.7074131
1.4730288
-0.26404029
-1.262086
-2.32269
0.28718452
-0.22545004
2.3776577
1.9029281
1.2469869
-0.84685816
1.0612239
-1.5072315
0.94788601
2.0159308
0.85901237
-1.4557389
0.14925071
-1.4000417
0.52749334
-0.32994962
0.66967934
2.0086939
0.065027894
1.1969367
-1.7762682
0.071981453
1.0716946
-0.17757933
0.29346751
2.6718348
1.419544
-1.6663077
1.1552424
1.0994459
1.4902014
2.5592309
0.31280728
-1.5065312
0.085613866
1.1559547
0.0054363754
0.094304763
0.61498477
1.5941317
2.2949745
-0.65532509
1.2854791
2.8562675
-1.9150595
-0.97651744
0.085815885
2.4570367
-1.0798386
1.25435
2.0246434
1.5782896
-0.96469504
1.3858314
-2.7409251
-1.424683
0.56556038
-1.9062344
-0.78878103
2.2141102
-2.1398408
-1.7751091
0.70953797
-1.1797168
-0.93397668
2.9189711
1.8416743
-1.0354802
1.007764
-2.1634561
0.15052204
-0.10266385
1.1954658
