0.6796125
-0.34925788
-1.5476308
2.0392978
1.0841487
-1.8176631
-0.03349678
-0.74676862
0.55874429
1.0144459
2.0099197
0.66780546
0.6062218
2.3629609
-2.3523463
0.30454566
1.4090409
0.90613011
0.080744283
0.35209696
0.67268236
0.48954447
0.080929207
0.24458974
0.19483837
2.2210367
0.53623953
0.85376755
2.3250877
-1.7513176
0.14978602
-1.7616325
-0.22615609
1.7808951
0.30047492
-0.18548259
0.33907946
-2.2300697
-0.24747001
-2.0656708
-1.6211093
-0.11667307
-0.60012079
-0.51781155
-0.40809805
0.46821094
-1.9621418
-0.43143566
0.61547451
0.92420716
0.67528131
0.65480959
0.63684259
0.35649807
0.25207683
1.8860353
1.1133757
-1.5840084
1.0154711
0.25537278
0.30674875
0.8291561
-0.19177257
-0.5126409
0.75089685
-0.69739614
0.25288016
0.68108579
0.30080255
1.4922282
0.81063465
2.2807004
0.57263773
-0.67112908
-2.2175731
-1.0699971
-0.46691357
-0.37677485
-0.88229682
0.64519594
0.11377706
0.68566766
0.11813011
0.45499301
-0.29138851
0.67977408
-0.63913454
0.43682845
0.94189899
-1.9511597
0.39392783
-0.42724515
-0.37090071
0.32113518
-2.4628859
0.5245934
-1.6864417
-0.43574369
0.5087161
0.68563233
-0.041766255
2.1273085
0.52333928
0.83153053
0.52644225
0.53457092
1.0861338
-1.0026097
-0.017867651
0.51569176
-0.58325644
-1.5087014
-0.50114514
-0.46676984
-0.87832714
-0.46219512
-0.76033697
0.4935197
0.20492165
0.87026129
0.71653825
1.2110203
-0.53659941
-0.070456467
0.35921901
-0.60723026
1.6240443
-0.022529114
-0.27555236
0.18776674
0.64594536
0.79952604
0.25587507
0.75030412
-0.75100333
-2.3487942
2.0338056
-1.9555904
1.105168
1.1243687
-0.0078818643
0.23029015
-0.0638262
-1.9201332
0.63167197
-1.7913921
0.20721661
0.4313489
1.8360927
-0.55696605
0.79634097
0.77703181
0.37332799
0.31767762
-1.8444368
-0.016999326
1.0625337
1.7937048
0.40354237
-0.9490254
-0.88482189
1.0363839
0.64965422
0.69084263
0.53789822
0.84590573
0.83094019
0.24976658
-2.097468
0.44246442
-0.065465134
-0.088509737
-0.36633994
0.54558229
-0.027300529
-1.1170007
-1.7088211
0.3124563
-2.2243273
-0.71952813
-2.0307725
-0.39580223
-0.54587428
1.7632759
0.091262531
0.81123528
-0.94005873
0.59130651
2.2906067
-1.6944513
-1.7534032
-1.6699024
1.7384539
-0.50563311
2.1475505
-1.1770565
-2.2174835
0.2327647
0.23231347
-0.63333866
0.68091262
1.2437203
-1.5986196
-1.6016059
-1.6098541
-0.60512
-0.34180846
1.0992949
-0.063043996
-0.0066249112
0.77651657
-0.041480249
-0.015296131
-1.2590066
-0.50631978
2.1698647
-0.058052643
0.16776605
0.027344722
0.46022814
1.0059814
1.2679864
1.1266407
0.73806789
-1.2046211
0.099393338
-0.26113198
-0.29784639
-1.7340458
-0.84454416
0.22457665
-0.57345836
0.0072706512
0.45876252
-0.61568121
0.78103717
-0.40534877
-1.1932084
0.7405391
-2.0421704
0.10990273
1.3344549
1.1930631
-0.44845811
-0.81133929
-0.15492247
1.7226635
0.14711207
1.0309388
-1.7382552
-0.047808527
-1.4666853
0.0099830132
0.041833817
0.32546209
-0.74173491
-1.6217809
-0.81852064
0.79203343
1.5382581
0.13054024
-0.63864876
-0.19076183
-1.0942709
-1.4788204
-2.5225143
1.117196
-2.6754324
1.2003736
1.4462918
-0.064783972
2.2980308
-1.9654774
0.37681635
0.18944374
1.0037312
-2.2011094
0.52730027
0.58711166
-1.7775345
-1.3791777
0.68444982
-1.1433494
-0.11112077
1.143296
-0.11981598
-0.8828721
0.59841384
-1.7734277
-0.18801603
-0.027376205
-0.51869236
0.72727837
-0.87338108
1.8832784
0.31129279
1.870429
1.5684585
-0.31993219
-0.50928474
-0.58216798
-0.0097709969
-2.3138355
0.11256309
-0.48657232
1.3338706
-1.3156476
-0.948538
-0.22577343
-0.65300578
-0.063013835
2.148705
2.6661422
0.30343515
-2.3417544
1.1554079
0.075295823
-0.33908463
1.1420809
0.56482566
-1.6871204
-0.66645699
-0.50391092
-0.76119239
1.1412453
0.46216113
-0.8832962
2.3314848
-1.2030107
-2.5426024
-2.2135532
-1.615238
-2.4971039
0.093812377
-0.24141385
-0.55884763
0.48672412
0.61429627
1.2744521
0.035194397
-0.63122207
-0.067137117
-2.21822
0.40708768
-0.072736493
-2.5023522
1.8574485
-0.21526132
-1.9174533
-0.44286523
-2.2204222
0.76173257
1.1945799
1.0188224
-2.1500158
-0.25206366
0.78957131
-1.3101967
-0.6537646
-0.30325817
0.45098938
0.64273158
0.849921
-1.6162478
0.62898798
1.7319203
0.47205911
0.46019156
-0.15300268
0.38475065
-0.39175757
-1.2552185
1.1680847
-0.30057623
0.21333099
0.28692588
-0.67224134
-1.7440671
-2.2925597
1.060419
1.4004572
-0.38576042
0.49884859
-0.19426004
0.72179382
-1.9533749
1.1346796
-0.95553895
-1.8244789
-0.91546719
1.5398801
1.0788278
0.21111387
-1.8571548
0.85020158
0.69191346
-0.28251276
0.11839101
0.77836624
0.91329846
1.5102389
-0.80061419
0.20652885
0.012156981
-0.72894486
0.75484736
1.6767297
2.014929
0.52023287
-2.2473952
0.25682663
-1.243789
0.88426777
1.0619512
-1.0655164
0.9032845
-2.5059747
-1.2746505
1.0527025
-1.717033
0.8025881
0.53003208
-0.098790275
-0.082181373
1.8853478
0.56556272
-0.41638129
-1.8818768
-0.41671723
-0.8610222
-2.0405412
-0.064972295
-0.61411658
0.052333174
0.11011069
-0.41287076
0.14123255
0.089582117
0.66863772
0.58089102
2.2087253
2.2838713
0.23130752
1.28287
0.039481172
1.9390126
0.49145536
0.98543393
0.28038724
0.48258446
0.050487076
0.50636779
-2.2018775
0.090717652
0.92709381
-2.2468255
-0.68120314
0.38420806
-0.2508355
1.7484872
-0.44414684
0.55981183
0.6598274
1.1371536
0.10186522
0.32044014
-0.028873634
-0.98212853
0.51447566
0.40033928
-0.45708769
0.15383017
1.0909666
-1.5934578
0.47722877
0.92247668
-2.3351346
-1.3487822
-0.048396892
0.84378491
-1.5154872
0.22406109
0.40989838
0.45055803
0.18126536
1.7444055
0.52537695
0.59802777
-0.41777176
-1.7939212
1.5771465
0.72209769
-0.32567
-0.22617255
0.84136178
1.447235
-0.063945543
-1.4802085
2.5160279
-0.14243408
