0.12641783
-0.70987483
-1.8316726
2.788015
0.11573491
-2.1397785
-1.6359952
-1.8883994
-0.56964426
-1.9124645
2.2188531
0.15318259
-1.4402372
2.2149679
-2.631088
-1.0168336
-0.32163278
1.0738697
-1.1377427
-0.59877183
-0.67688737
-0.60972355
-0.31238186
-0.73234732
-0.26969876
2.5883924
0.88319021
-0.82699904
2.3292196
-2.3412636
-1.4259731
-1.9481724
-1.8759384
1.6748453
-1.4833036
-0.3265373
-0.16549763
-2.6735294
-0.75591955
-2.4748622
-1.6200919
0.33459098
-2.2884111
-0.82778127
-1.4310523
-1.046876
-2.5472808
-0.16275727
-1.7914487
-0.68739394
0.28712206
-1.5316234
-0.20090211
-1.0000375
-0.2390151
1.6798953
-0.89156298
-2.0325614
-0.73919682
-0.46535898
0.47382403
-1.7820874
-1.284744
-1.6156541
-1.5632271
-1.1261523
0.49809396
-0.12374352
-2.1985844
2.0106129
1.0953164
2.8213126
0.57755254
-2.0340804
-2.6007818
-1.6410186
-1.8410169
0.01947308
-2.0039457
-0.96696575
0.27055303
0.35408615
-0.083864929
0.42439651
-1.8133247
-1.9174251
-1.3408872
-0.045504282
0.0059525277
-2.0293815
-1.4301695
-1.0040026
-1.7264184
-1.0663866
-2.9021087
-0.71201821
-1.9554746
-2.126993
0.92075328
-1.2102202
0.088562549
2.1526255
-0.90977718
-0.53026114
-0.91356606
-1.5606582
0.082886809
-1.0575364
-1.2323422
-0.19223587
-1.9073629
-2.1393451
-0.88221535
-1.7983658
-1.6699258
-1.0882879
-1.8988787
-1.2730211
-0.91272522
-1.0019355
-2.2954369
-0.93798253
-0.24878599
0.14183643
-1.0994169
-1.4035038
1.3697451
-1.3267314
-2.8511914
-0.8941997
-0.22455772
-0.28472431
-1.524433
-0.31148373
-2.2469695
-2.5454096
2.1082803
-1.909315
0.49819363
-1.8796126
-0.32532089
0.48779946
-1.2525731
-2.3228273
-1.4186109
-2.0387149
-2.3292564
-0.22854207
1.8997996
-0.97422858
-1.4496354
-1.2840477
-0.77169801
-0.7261684
-1.7717263
-1.5300265
0.048370602
2.2028783
0.87265199
-0.96241758
-2.4014109
0.99409278
-1.1047529
-0.77865469
-0.47281011
-1.9353421
0.015791019
-0.44044123
-2.4255888
-1.1096479
-1.2374326
-1.3815847
-2.0059541
-0.095776939
-0.59415237
-0.76313167
-1.8277902
-1.5131535
-2.4769646
-2.2298828
-2.2599534
-1.9538345
-0.92599994
2.2557935
-1.5727177
-0.80411713
-1.6404978
-1.9973945
2.2423694
-1.6797694
-1.6927283
-2.0947952
1.7805695
-1.7194227
1.9074077
-1.7138195
-2.3588481
-0.28746152
-1.1081162
-1.3414927
-0.90475655
1.1477423
-1.7191528
-1.8919436
-1.8583567
-1.6561694
-2.2961584
-0.56042158
-0.14514183
-1.7617609
-0.27278754
-0.77114771
-1.4228379
-1.6092017
-1.6652626
1.5477404
-2.3847556
0.21045538
-0.77939278
-0.17524056
0.81400587
0.34384098
-1.1217453
-0.1121118
-1.1573609
-0.9233554
-1.7419378
-0.57497402
-2.1793314
0.077186663
-0.53620968
-1.3385482
-1.9905257
-2.1796314
-0.43260268
-0.05169351
-0.077592938
-0.70914314
-1.0343252
-2.2439546
-2.1151625
-0.86435169
-2.3243356
-1.3511595
-0.7139384
-0.21509171
1.89406
-0.34628624
-0.37949204
-1.3612138
-1.9701705
-1.5688689
-1.4928518
-0.71200279
0.50143324
-0.54278508
-2.0424759
-1.9431597
0.71140029
1.5748315
-2.6170729
-1.2774751
0.31628475
-0.62863681
-2.2787145
-2.8556757
-0.41732022
-2.7220978
-1.4040171
2.0459648
-1.8581972
2.3707508
-2.4095856
-2.3838852
-1.5418839
-0.83170326
-2.4944211
-1.7103532
-0.57134289
-1.8781365
-1.4866923
-2.0315022
-0.99316027
-0.29067241
0.01753467
-0.3322518
-1.1945873
-0.60835034
-2.1157609
-1.2612446
-2.2533428
-1.4931814
-0.091416045
-0.78169136
1.6883974
-1.3023922
2.6724357
2.1004821
-1.5774802
-1.8902863
-1.1207701
-0.87064915
-2.8152353
-0.61900137
-2.1195703
0.97962433
-1.5028237
-2.331188
-2.5143262
-0.79825045
-2.1816633
2.3751809
2.5241326
-1.0111959
-2.6877245
-1.2686425
-0.50713674
-1.0908737
0.12451317
-1.8265296
-1.8990314
-1.7159176
-1.58333
-1.579336
0.93751572
-1.586769
-0.46531644
2.7596172
-1.8194756
-2.5383044
-2.4164166
-1.6132811
-2.5536823
-1.4881784
-1.6212976
-1.5452756
-1.0946081
0.93457347
-1.4870474
-0.32609262
-0.83000552
-0.024602167
-2.7152733
-1.1943345
-1.8337655
-2.6074568
1.763073
-1.3854139
-2.3770889
-1.4163333
-2.5746103
-1.4364704
0.44760071
0.075953856
-1.8401857
-1.581302
-1.1209395
-1.2664132
-0.73885921
-1.874776
-0.60379927
-0.62693713
-0.2744828
-1.8854588
-1.1646584
1.6285844
-0.24064562
-1.5451614
-0.9350102
-0.57703175
-0.34253946
-1.2265707
1.2437347
-2.1752369
-1.7178746
-0.83528277
-1.1543291
-2.1566724
-2.6621904
-0.28787991
1.3181678
-0.2224794
-2.1954251
-0.049859571
0.45715662
-2.2813594
0.36738594
-0.68457403
-1.6284202
-1.8513632
0.32104778
-0.48156402
-0.36902017
-2.1573756
-0.54523874
-1.7046218
-0.56820293
-1.2617299
-0.67625719
0.45232133
0.79395559
-2.2208738
-1.1407939
-1.4790163
-1.0670454
-1.1117502
-0.10271721
1.9397748
-1.0595512
-3.0156622
0.50339366
-1.8559461
-1.5109284
0.7244286
-2.1025877
0.44149771
-2.8723987
-2.1092236
-0.0018597976
-1.9464534
-0.90797814
0.14964891
-1.3900891
0.3307315
2.1291712
-0.83168811
-1.2001078
-2.3445829
-1.3830309
-2.259162
-2.4489715
-1.9656508
-1.9101728
-1.2108439
-1.1676331
-1.5132099
-1.981131
-1.7490902
0.67615416
-0.55495215
3.0172415
2.2749776
-1.9174493
1.136458
-1.768218
1.9398125
-0.81454306
-0.22288688
-1.1667048
-1.2803387
-1.9874831
-2.4892152
-2.0705165
-1.2667764
-0.51834866
-2.1896925
-0.92258436
-0.74894949
-2.3697659
1.8506553
-1.218698
-1.1673333
-1.0714567
0.58334555
-1.9841945
-2.08974
-2.2280061
-1.4001422
-1.9166555
-2.0632069
-1.8035266
-0.34673803
0.77638193
-1.7395024
-2.1738993
-0.81991643
-2.6074398
-0.82588117
-1.1354994
-0.72314699
-1.699181
-0.90638001
1.080075
-0.25121135
-1.2011275
1.9939475
-2.0796362
-0.56485566
-1.4012267
-2.0995377
1.8150072
-0.71625269
-1.3513135
-2.5930181
0.10670676
-0.240592
-1.2840644
-2.1188977
1.0335125
-0.97459071
