-2.257202
2.2806696
-0.8980915
2.1197986
-1.1362486
-1.3270544
-1.8570819
-1.9201244
0.18595317
-1.9095207
2.1530839
0.68388296
-1.9307569
1.9525421
-1.4567937
0.74018182
-1.7118438
-2.1015751
0.19096083
-1.675973
-1.3167278
0.5123379
-0.65124952
0.24072947
-1.6825934
1.9234554
-1.6580481
-1.8058523
2.9303101
-1.4213993
-1.0772916
-1.8093967
-0.91040667
1.2627659
-2.5825648
0.28791874
-2.3635703
-1.8783766
1.1156318
-0.71107246
-1.2677066
-2.2530162
-2.6555384
1.2940998
-0.9917608
1.0252083
-1.9663646
-0.011948362
-1.9733119
-1.5705289
1.4371931
0.47735848
-0.39769253
0.084025819
0.40260801
2.4792116
-1.8812268
-1.0346462
-2.0930114
-0.43229879
-1.9089257
0.28358021
-1.5652907
-0.26661864
-2.4208396
-0.72002042
-0.46696428
-1.1855635
0.058057419
1.4580048
-1.9134092
2.4513699
1.4272152
-1.5373806
-1.6264984
-2.7644373
0.35788377
-1.078056
-1.5210507
-2.1910987
-1.7651426
0.67164185
0.17323773
-2.1760008
-0.83264417
-1.7647254
-2.7608697
-0.7809649
0.029948505
-0.98487218
1.0679733
0.14319781
-1.5103897
0.4563562
-1.4932028
-0.3114753
-1.8239799
-1.7282554
1.4492544
-1.9091817
-0.26596067
1.9481407
-1.4472754
-1.4535342
-1.4715622
-2.1304971
0.70923785
0.61706009
-1.4793754
-1.1192745
0.9983118
-2.1486479
-0.22871857
-2.3251198
-2.2437602
-1.156453
-2.0802231
-1.7504342
-1.4854564
-0.8974497
-0.21580182
-0.62558084
-2.0576326
0.35327917
-2.2857761
-1.3417718
1.5291657
-0.22819884
-0.85991482
-0.15656767
0.81880099
1.6751805
1.0273253
-1.4943725
0.0010995736
-1.1864843
2.5693958
-0.34722744
0.50519939
-1.4249362
0.57898711
-2.0517728
-1.7775239
-1.1953885
-1.9961236
-1.3108575
-0.2118713
0.73369307
2.7520643
-0.42837452
-1.4996821
-0.58875631
-0.37550328
0.41869049
-1.9584914
0.22253066
-0.19304523
1.8139944
0.82594623
-1.5069782
-2.046563
1.7642399
0.66061984
-2.3804589
-0.86742265
1.4036293
-0.52724227
0.084340336
-1.209242
-1.2776834
-1.5853296
-2.1354101
1.913334
1.0658757
0.15953526
-1.6126217
-1.1169831
0.037718301
-1.4252833
0.46108747
-1.7047704
0.39774539
-0.13179079
1.7670747
1.0645908
-0.61819185
1.0434956
0.71760034
2.1008489
-1.3587898
-1.1736833
-1.5366089
1.8989681
-2.4161749
1.9735166
-1.5327231
-0.99151072
1.3337491
-1.9958096
-0.51217535
2.0744643
0.77808128
-0.90356817
-1.3009121
-0.92947678
-0.71875809
-1.9138477
0.53228084
0.20285724
-1.5597391
-1.9729568
-0.8704123
-1.9984939
-1.5951675
-2.0832119
1.4136636
-0.73089441
1.3939804
-1.2477496
1.3483153
-2.2064308
1.2222379
0.57318123
-2.242282
-0.49537823
-0.19891902
-0.82680123
-1.2911045
-0.52327717
-1.8521269
0.53731614
0.42629549
0.50661415
-1.9261268
-1.8633148
-1.5255358
-0.63242654
-0.037500468
-1.4980392
-1.6139829
0.70701129
-0.068070249
0.19157665
-2.0678936
-1.3734702
0.4680587
2.122095
0.61432643
-1.2665302
0.18377713
-1.3010296
-0.86822637
-1.9802422
0.53392666
-1.9480832
-2.4439132
-0.1817686
0.59652122
1.0521166
1.5645111
-0.029445814
-0.39920235
-2.2048094
-2.5611342
-1.8528565
-1.3798869
2.6494988
-1.7679678
0.17868083
1.2038991
-0.21296776
1.9929519
-1.6637855
-2.1171724
-2.1638994
-1.9853401
-1.2073071
-0.31078968
-0.32729299
-1.5914491
1.2534961
-1.7577041
-1.4314167
-0.95193176
-0.88488028
-0.13527621
0.53738141
-1.3135717
-0.70371426
-0.57741695
-1.4892686
2.1898836
-1.393551
-0.16065491
2.1784702
-1.2582556
2.6987988
1.319907
1.316345
0.44399809
-0.56620028
-1.9362568
-1.5693923
-1.4746013
-1.340311
1.6836865
0.74534955
-2.2896807
-1.8909476
-0.10234446
0.66731198
2.1833887
2.227253
0.34327365
-1.4506273
-1.5614042
1.1242248
-0.56143224
1.4750038
1.1116891
-2.1292256
-1.9089702
-1.8401591
-0.10851834
1.2850445
-1.5841636
1.8243172
1.6594041
-2.0187143
-1.6627324
-1.705685
0.01862365
-1.7350959
-0.34770185
0.3861106
-0.17717005
-1.7348729
-2.0402234
1.2697438
0.30950895
0.42328547
-1.2327383
-1.5051302
2.10897
-0.10152731
-1.6326982
2.1191683
0.35062982
-0.58863732
-2.6787162
-2.0556973
0.50640929
1.581797
0.91972496
-1.0460089
0.64489047
0.63459823
-1.1427318
-1.6515134
-1.6511939
-1.9234334
0.21896193
-1.403935
-0.051610916
-0.5148192
1.8355679
-0.033326644
-0.31404831
0.33219232
0.54637482
-2.5435162
0.36641159
1.0224088
-0.21299593
-0.46224944
0.31378053
-1.5309669
-1.5353336
-1.6210414
-1.556357
1.8016713
-1.6153287
-0.0041008368
-1.9988695
0.96379067
-1.1782555
1.8398502
-1.1381965
-0.56781911
-2.2128031
0.4546479
0.89494985
-0.09082588
-1.7988579
-1.3477636
1.4116734
0.4563407
0.52473791
-1.6152893
-0.29252318
1.5443783
-0.087483533
0.58301499
-1.0498865
-1.0862567
-1.4923114
2.10534
2.3400485
2.1719871
-1.4693559
-2.2773324
-1.9645154
-0.059287502
-2.2453564
-1.9059478
-2.1166524
-1.4504023
-2.4281136
0.26495611
-1.3445354
-1.3430549
0.75765321
-2.056046
0.06237335
1.6992201
-0.42333756
-1.5809994
-1.4623428
-1.4454946
-1.4027399
-0.92373715
-0.54151903
-1.8130238
-1.01142
-1.3387341
-1.386199
-0.28193795
-0.19060552
-1.7486406
1.1302043
2.1144801
2.3293014
-0.090343695
1.0905435
-0.06081477
1.3429227
1.8152128
-0.22353797
0.58501779
0.40389401
0.55489476
0.12716392
-0.04801737
0.9049156
-1.5700685
-1.4477744
-0.4685293
1.4205681
-1.1729238
1.6337666
-1.6094375
-0.45256288
0.85426836
0.76026294
-2.0565606
-0.94066724
-0.033653871
-1.3392241
-1.650998
-0.78303114
0.68162702
-1.5881627
0.049204647
-1.2480134
0.14670744
-1.452843
-1.6249954
0.77959832
-0.058142531
-0.31668874
-0.77768544
-2.1606158
-1.5106164
-0.1678347
-1.8188706
1.8889595
-1.7633564
-1.6007947
-2.3103328
-1.0538791
1.3142138
0.31254056
1.1205609
0.75337521
-2.6573513
1.8645772
-2.2297503
-2.1369922
1.4323523
0.13421263
