1.4500666
-0.33839214
0.27607108
-0.6848584
0.09562368
0.70504524
1.4288742
1.1185672
0.51889175
1.6174299
0.3765379
-1.5745475
1.3827504
-0.078256405
0.78594053
2.4639908
0.72045399
1.2932437
0.97500469
1.4179983
2.5577184
-1.3663605
-1.7152575
2.4928842
1.3964108
-1.4967714
1.6558144
0.9179701
0.88751671
1.5248003
2.926029
0.90699622
2.5411739
-0.34903607
1.9042194
1.014239
0.92997749
1.0764415
0.50662311
0.25090543
0.68781779
1.1470697
0.86771448
-0.21748798
1.7521389
2.1053761
1.9538315
-0.33333327
1.7918003
0.0080731577
-1.9328565
1.8909201
2.2534818
1.9639352
-1.5061261
-0.037743174
0.73595426
0.7391298
1.3528684
1.8810513
1.9396519
1.2890034
0.93986055
1.0949541
1.2238657
1.9216175
-1.0837028
0.075211315
2.814531
-0.23196487
1.2301713
-0.98418042
0.55471369
2.2602433
1.0530974
0.99547349
2.8126648
0.34969197
1.7354313
2.0049531
2.6284447
-1.5484399
0.21742295
2.1678293
0.31463456
1.0300443
1.9061648
1.6890647
-2.5518012
-0.19932296
3.6603384
-2.1176275
1.1524283
4.2737679
0.66496212
-0.71419241
1.7624075
0.24551155
-2.1251588
1.4041025
-1.5253813
-0.34077114
4.2105245
0.24722664
1.5301013
1.2927233
-0.25725536
-1.0121332
2.3272726
-0.63387763
0.81985988
1.4276329
1.991899
1.2958197
0.23635126
-0.33073547
1.2060653
0.151544
0.89896046
0.13956204
3.5823568
-0.80377291
1.7378548
-1.5912839
1.1788474
1.2442032
0.96732117
3.1883551
1.8868407
3.4809549
-2.2837248
-1.955816
3.3615531
0.50446516
1.5704572
0.15167853
0.3753692
-0.21298457
-2.2827242
-0.59543051
-1.892089
2.0298393
1.9357625
0.067511764
0.9765165
1.1710305
0.71665903
-0.53332081
-0.57350599
0.65408312
1.8159087
1.7731236
2.1556817
2.6339869
0.41177675
2.6321537
-1.5410791
-0.13029169
1.6276967
-0.18242075
0.67901447
-2.5400197
3.9810747
0.44281705
-1.7679
2.869022
0.50218099
1.0482575
0.64181298
2.0622635
2.5404241
2.0047029
0.91930058
2.6104813
0.6154255
1.3895598
0.58831792
0.67990961
0.64686503
1.4088856
0.89665717
0.46655612
2.2588211
-0.31987026
0.097211199
-0.28031508
0.97600688
2.8639246
0.77939586
1.2273031
0.41076805
1.9309564
0.23686739
1.582285
2.0582575
0.65449945
-0.034471222
-2.1678778
1.7430571
1.6512581
2.1171288
-3.1168344
0.16409153
0.65375547
0.25817039
1.7467439
2.1743808
1.8163314
-0.76034783
1.9558501
0.4883873
2.3052114
1.7587046
1.404294
2.0503771
0.26747538
2.748335
-0.44087477
3.2034392
2.9513625
2.3780921
0.17712411
0.21233799
1.8400986
0.37998682
1.2510074
1.4845217
0.14134695
0.14433349
1.4915408
2.1838914
2.0483621
0.51700959
2.4390098
2.0871763
0.79422378
0.0081011007
-0.63134911
0.37441216
0.65900029
3.120504
1.7242964
0.37782454
0.31494225
-0.13979047
0.26418475
-0.092958181
-0.95196785
0.012656564
-0.12770399
2.1027679
0.80472455
1.3100438
3.0438287
1.8862531
1.8720255
0.76551779
0.012622155
-1.1892428
-0.64849693
1.6398796
2.9847985
2.0271686
1.7713813
2.2670916
0.33827792
0.56590093
0.37495632
1.2146485
-0.20130971
2.6725684
0.059536972
0.7074611
1.5384635
1.141722
0.67408789
0.22277784
1.448412
0.34992539
0.62209435
-0.76625117
0.54020956
0.97434326
2.9754164
0.78166569
-0.49460055
-1.5360926
0.4410641
0.23144136
1.8457569
0.90448802
0.62567752
1.3861662
-0.18995278
1.3978936
2.257217
-0.27720062
-0.10990266
0.15895881
1.8984462
-1.0484151
0.48089764
0.28241144
-0.644906
1.2601002
1.1957932
0.49287449
0.72406864
0.39616222
1.738437
2.2079643
-0.69796222
-1.2532925
2.0324083
0.66693397
0.91225645
-1.3182036
2.0418975
0.043704835
1.9000576
2.006073
1.9199447
2.3531981
2.6030902
0.0037774547
-0.025009632
-1.0887343
-1.2443036
1.2624505
0.54602977
0.625118
0.37783796
0.76818937
3.4779481
2.9378858
2.1240873
1.7154279
1.6248889
1.1314676
-0.97804867
1.9654509
-0.80144349
0.8675143
2.5780464
1.2999669
0.89823567
0.48846067
2.0713689
-0.49167787
1.9291235
1.6744724
2.7567984
2.0058923
-1.9942564
0.3716759
0.17678865
3.8071345
0.82684218
2.2987729
1.7008771
0.23416639
-2.3899673
1.5906429
-1.1610195
2.655408
-0.36547518
-1.2097565
2.2145287
-1.9256676
2.559302
2.0722987
-1.1824318
0.57945147
0.9540227
1.4243876
3.0306859
2.2108433
0.58100643
0.42029741
1.0714025
0.22695906
0.9436346
2.5071073
1.6258774
-2.7305431
0.65324946
-1.1638066
-0.18165419
0.39031322
1.8005466
-0.90701365
0.53631436
-2.1929688
0.64158622
0.63024986
2.7734139
-1.0170889
2.8047798
0.6468847
0.25090615
0.4544376
1.3255187
2.0022165
0.79741045
0.91638107
0.9649106
1.6953295
1.0481912
2.1447048
0.50314726
2.1468477
1.8143696
3.4993782
2.3314247
1.2250184
1.803808
-0.1072318
1.7231307
-0.14940386
0.73575031
0.57137062
1.4727242
2.5544616
0.032845226
-0.093597741
-0.08619107
1.6062267
0.74717994
0.056967753
0.89850998
-0.1700219
1.3183734
1.2381407
2.5702798
1.2680271
1.7311158
0.7129449
2.5019297
2.0020574
-1.4733567
0.078428503
-1.6652791
2.9836705
0.80559942
2.011968
-0.079292631
-1.2565864
0.46191884
2.3511767
3.005745
4.0991185
2.669576
0.53349792
1.4212178
0.87771212
0.13536905
1.5463828
-1.1039957
1.5270321
-0.11262251
2.9262374
-1.6501196
-1.1831329
-2.8558323
2.2004342
2.5659746
1.1925943
1.0963972
1.4751875
3.3602518
1.3407546
1.485592
-2.3175436
0.94786688
1.0614499
0.088319616
0.22894514
0.55504429
1.1462452
2.0334405
0.20794733
2.2297502
1.4979716
1.8525234
1.1927657
0.052525219
1.4657567
1.5684111
1.1057511
0.55773694
-1.1293431
2.7603551
1.100855
1.863612
1.7508249
0.408064
1.3915396
1.39573
-0.75960508
-1.1358993
