-3.3381162
0.71811473
-0.84553191
-1.1561989
1.4737362
-1.4290805
2.8012915
0.25104314
1.7777533
-0.22452109
-0.23002957
0.37211346
0.45594152
-1.0021888
-1.220187
-0.45485827
-0.048242427
-3.8626756
0.1912175
2.0788381
-1.1577669
2.1658241
0.57097567
1.3016949
1.1918802
0.36357846
-2.5576047
2.5940728
-1.6127662
0.19839558
-1.8571422
-0.76163622
0.79514221
1.4829061
-3.0556467
0.040826654
-2.8921288
-0.70242833
-1.1026715
-0.0099470647
-1.3696696
-2.6186249
1.8494923
0.50207487
-0.12085306
0.85901827
0.24431397
0.43858935
2.4422487
1.9230015
1.1932956
-0.78393822
0.67214504
0.44311664
0.56574874
-0.50410274
2.4736148
-1.486882
0.40612785
-1.662466
-3.479213
0.92142634
1.0375625
0.10976941
-1.8355614
2.2842552
-0.051772719
2.1974382
-0.40085545
-1.3585196
-3.7683059
-0.50498219
-0.34363962
-0.65406409
-0.29786805
-1.8281776
0.83559378
-1.533582
0.52256207
-3.0669309
-1.3970848
1.4187021
-0.11873655
-2.2178834
1.7374668
3.3157265
-3.5119014
0.14375392
1.8529154
-0.32625689
-1.2831895
2.1201315
0.64535071
-1.7250372
0.89845485
2.3497384
0.013785609
-2.0842426
1.330953
-0.11805425
0.31446442
-0.85827534
-0.43498569
2.9895526
0.48018775
0.25785701
0.084469776
-0.2167486
0.65859429
1.8440734
1.1663061
-2.386278
0.16656217
0.4072819
-2.2112596
1.9455572
2.0848347
3.014025
0.62720991
-1.0576705
0.68386743
1.2032325
-2.1473486
1.3730562
-0.1118396
1.3863598
-0.865332
0.19676986
-0.23863545
0.35581592
2.5131075
2.2694575
0.39265166
-2.0552505
0.78493734
-0.67828302
-0.52803801
-0.63765669
1.1804789
1.688685
1.7440981
-3.1392759
-1.1423744
-1.4438495
-1.461258
-0.33166808
0.27850486
1.6502212
-0.45826605
1.3729922
1.1452366
0.033237348
0.20018928
0.18881362
-0.72237438
2.1022239
1.4370817
-0.68059335
-1.9215995
1.0877288
2.614676
1.4021678
-0.02073819
2.0447051
1.1017636
0.66855115
1.5779888
0.61461551
-0.99767285
2.4848012
2.2433674
-2.4652168
-0.43812161
-0.37472328
-0.35806164
-1.4090779
-1.6882401
0.8737662
-0.87315539
0.42898134
-1.010262
1.0204168
0.68025708
-0.170164
0.65165248
1.5753051
-1.733226
0.16882284
-1.5631897
-0.37000004
-0.93314341
0.80121362
-0.32741311
0.16236315
-1.4087292
0.49692041
0.38977671
2.5255276
1.654906
-1.4552589
-0.16341627
0.60137609
-0.78015185
-0.65296357
-1.1280383
0.28074122
0.73096365
-0.33587791
-0.14083157
0.43252566
1.5359422
-1.1382862
-0.5978763
-1.0624816
0.27669463
-0.79235715
-1.3144669
1.3565609
-1.4790991
-0.59380027
-3.0923278
-0.35367021
-0.82478066
-3.7414296
-0.58267959
-0.58405711
0.48584497
1.3544256
-1.0452949
-2.54934
-2.1626597
-0.23593364
1.9037502
-2.4187954
-2.8276266
-1.1249368
-1.0254212
0.36588197
3.1163286
-1.0257253
1.236919
0.32993497
0.53051304
-1.6172641
-1.7327415
-0.35795913
-0.49293551
1.4021062
2.7070088
-0.64915633
2.3587886
-0.12350519
0.28444836
0.63902974
-3.5835235
-2.9197878
-1.2526299
0.45206546
0.58118917
-0.51048137
0.83218779
-1.7451946
-2.9913846
-3.2942409
0.78269412
-0.79641431
0.44208268
-0.48678213
0.29409034
-1.4713359
-0.091477623
-0.76067003
-0.78011051
-0.76005773
-0.56702824
1.7039455
-1.1713947
-0.42894081
-1.0674116
-0.76727125
0.33059672
1.4684696
-2.5007167
-0.50274969
0.10599416
-0.12400366
2.2208625
1.0577832
-0.92314708
2.3605845
2.1923281
0.36198731
-0.33317013
0.97995818
-1.445277
2.8938333
-0.87447373
-1.1734021
0.56361098
-0.39094268
0.72067504
-2.5902645
-0.74206265
-0.53040732
1.6370705
-0.73209079
-0.42473112
-1.1630162
2.7011696
0.50950711
0.77624462
-0.1894662
0.053071823
1.2797506
-0.81154183
-0.70254729
2.0666205
0.3722595
0.44184412
1.754845
-1.5364178
-3.0814106
-0.28460286
-0.58737934
-1.0457329
1.6230204
1.228145
0.077936381
-2.2757935
-0.69629529
-0.6924695
-0.54732815
-0.76715987
1.0454864
-0.48823671
-0.25518973
1.1018912
-3.8941407
0.054678819
2.0157789
-0.81662986
0.81345748
-1.0498087
-0.65041689
1.2676252
-0.77457154
-1.5873601
0.11237205
-1.3645026
-1.8633314
-0.34940856
0.8728774
-1.5437049
1.553159
0.11078151
1.1513323
0.22063969
-0.61600134
-0.66215357
1.3054506
1.6691372
1.7879812
-1.9126186
-0.33236582
0.024346222
-0.42561452
0.18093896
1.1170407
2.0376276
-0.82247816
-3.1188255
-0.66316772
-0.86099423
-0.69914741
1.1934677
0.66965161
1.989735
-1.3179691
-0.60151398
1.7502797
0.0018350933
-1.5514307
-0.08911856
-2.6950046
1.296867
-1.1589555
-0.46983226
-0.59989037
-0.48845979
-0.23710457
-0.67075059
-0.057899769
1.9045519
-1.4564774
0.024610013
0.69283189
0.065659041
0.80172381
1.8762892
2.5628178
0.15762296
0.028547409
0.36397271
0.11975634
-1.6384788
2.6738075
0.24133233
-1.582146
-0.47308222
-0.57242202
-3.2561127
-2.2736485
-1.7502047
-4.9223424
0.60423104
-3.1041189
-0.76430371
0.0092460179
-0.68701261
-0.72321436
0.48147683
-0.43079241
0.2985416
-0.98451003
0.25025813
2.1235102
0.30340462
-0.88205783
2.1403011
1.1619165
-0.93443236
0.58832075
1.7689234
0.21824624
-0.28353574
-1.628276
-0.072478169
-0.49241607
-3.5179587
1.0483368
-1.5183831
-0.38792959
-0.54943235
-0.42276209
-1.1814395
-1.3408704
1.6768623
1.2833237
0.80697424
-0.70985154
-0.57698015
-1.3302134
-0.28421928
-0.45803011
-0.33679088
-0.93743497
-0.77447284
1.5907412
-0.0001482526
0.06788611
-0.9996408
1.4929685
1.6602013
1.6861784
-1.8495975
-1.6008964
1.3958472
-2.2374576
-1.768548
0.25469194
0.59276987
-0.71235679
1.3945653
-1.0353609
0.59694057
2.048892
-1.0149146
0.692047
2.2361059
0.64417874
-0.897225
-0.44519967
-2.7931015
-1.7124594
2.0341062
-0.44903154
0.21178514
0.096445151
-1.0980254
-1.0083391
-0.096678666
1.0067762
-0.041706631
0.34098001
-3.8468938
0.91270191
0.13425045
2.3467428
0.22190434
1.4843272
