-0.70058347
1.7628737
1.074589
1.2773983
1.1649703
0.76699629
-0.26712101
-0.78685025
1.0933256
-0.9538924
1.2366137
0.77722868
-0.71774333
1.1184699
-0.76557516
-0.88543261
0.77221817
0.29538501
-1.357235
-0.083923292
-1.4608228
0.3341986
1.1730053
-0.4043578
0.13842401
1.8460242
-0.57437846
0.52313292
1.4071008
-0.82000978
-2.6007431
-0.99521866
-2.5662346
2.3324505
0.24998793
2.3542705
0.73389699
-0.6236517
0.78724173
-0.5559246
0.031834516
-0.10345103
-0.89998826
1.3478075
-1.2563053
-1.2592989
-1.2035462
1.6914968
-1.5252906
0.6590529
0.56093511
-2.1877041
-0.82994311
-0.92062998
1.5718274
0.574222
0.38062719
0.36002798
-0.74263172
0.13007684
-1.3984076
1.1938943
0.086213432
-0.90071482
-0.62969982
-1.3557883
0.49133075
1.0721023
-3.0832711
0.80831014
0.083032349
1.416499
1.7604242
0.1012708
-0.41591944
-0.97354971
-2.4824641
1.8520336
-0.91931685
0.29672326
-1.1925766
1.8663845
2.7244743
-0.66511662
-0.27726307
-1.0505631
-0.14882407
-1.4163072
1.903083
0.7740768
-2.6585327
0.64964615
0.117489
-2.8766508
-0.49046038
-0.46828155
-1.3763943
-0.22766775
2.2836759
-1.4025361
1.4758916
1.0070966
-2.1104713
0.68324231
-1.2409449
-0.73401988
2.0074553
1.1222781
-1.4194907
1.0749797
-0.73041581
0.62893576
-2.2722286
-1.0777621
-0.28606548
0.66182201
-0.78256205
0.64560953
0.41611433
1.914012
-2.3679133
1.4549349
-0.07593585
0.96664142
-0.62801749
-0.093222977
0.10974828
-0.9474842
-0.86979487
-1.274917
1.0213883
1.360016
-1.6121332
-0.01888557
-0.42698559
-0.5352935
1.4250659
1.4630591
1.6129035
1.1891276
1.0319139
-0.87922844
-0.97769873
0.93548331
-0.15185483
-1.023117
-0.15940431
2.1346233
1.1356251
0.23191448
-0.79176947
-0.1867054
0.41541725
-1.2463865
-0.6633934
-0.73615248
2.2711335
1.1006701
-0.43575524
0.086763073
-0.62530141
1.3739433
-1.4009058
-0.17071561
1.5609071
-1.6466183
1.4455469
-0.6547649
-0.54362351
-0.60533442
-0.84172258
0.16538251
1.0130884
-1.4735793
2.3570965
-0.30409346
-0.045114573
-0.25568069
-0.67569821
0.35139246
-0.75056816
-0.51210963
-1.0478407
1.3615157
-1.1425148
1.0418794
1.7478822
-1.6802243
1.3629789
-0.83598497
0.018793858
-1.1175529
1.4912401
-1.4623392
1.1441143
-0.92480391
-0.03722787
1.2623283
-0.27599383
0.67253734
-1.5425918
1.986561
1.017479
-0.93747948
0.8095148
-1.8213978
-0.94028189
-1.0795534
3.3582452
-2.3161056
0.67113649
-0.77264006
-2.1689201
-1.663275
-1.4908451
2.3645676
-2.8753323
0.44714289
-1.016561
-2.0857221
-0.33404667
1.4200942
1.9533187
-0.040386363
0.55393365
1.2669264
-0.87377982
0.45068266
1.0033775
-0.6633284
-2.275829
-1.8098564
0.041612969
-0.94448615
-0.29395758
0.32239322
2.143732
2.265338
0.51084904
-0.98737562
-1.566366
-1.0985146
1.9568639
0.38622763
1.0726844
-0.69220386
1.4539548
1.118077
0.47721342
1.3275404
-1.7631232
-1.0095361
-1.1853169
-1.3424502
-0.19581444
0.2333051
1.3723274
-0.6592647
2.2775602
0.24525352
0.053282074
-1.1062014
-0.56159914
-0.39920769
-1.2054293
-0.91507221
-0.41692854
-1.1646593
-0.47189151
0.32564466
-2.5495915
1.4652088
-0.97811224
-1.2820866
-1.9255605
0.17368767
0.33255062
-0.83791595
2.392886
-0.81448928
1.9089704
-0.35096314
0.094591007
-1.2369987
0.17653833
2.1399201
1.160136
-0.25887918
0.29204236
-0.56240118
-1.8588984
2.0163839
-0.34265637
2.1787189
0.90253608
-1.0986915
1.2103955
0.61408468
1.4295065
-1.5349276
0.7515727
-0.11214635
-0.86012252
1.5260589
-0.56328245
1.2529286
2.0062801
-0.59215285
-0.39305128
-1.4343281
-1.9448266
1.162437
2.6046237
-1.61398
-1.2304838
-0.62311817
0.52868563
-0.54742874
0.90856088
-1.0731339
-0.45774866
0.8587303
-2.2348651
-2.1950321
0.21827925
0.60892703
1.8743434
1.679681
-0.32821821
-0.90252732
-1.0448661
1.5890391
-0.47920565
-1.0314343
-2.0818083
-1.1514345
-0.99976957
-0.055893762
0.12949517
2.1600271
-2.2522281
0.7578835
-0.871935
-2.1982619
-0.63463404
-1.2166445
0.57897526
-1.4229771
0.76993399
-1.842438
-1.3712092
-1.4987366
-1.0815709
1.2919602
1.0472601
0.12184335
-2.2098275
-0.90257416
-1.3651918
-0.91130785
-0.017113675
0.73471603
1.3338048
1.7180116
-1.4285395
1.0032166
1.1200904
-0.54138932
0.54325645
-1.4070668
-0.10014476
1.8988622
0.40447728
-0.049052998
-0.078809913
-0.27595435
-1.104231
0.069680738
-0.55437611
0.40549647
1.0447582
-1.1254191
-2.5975396
-0.79451329
1.8680828
-0.32959867
-0.90563319
1.942806
0.66027201
-1.1267336
2.3156628
1.0240838
1.1256304
-0.070368103
0.012464067
-2.0044529
2.1448055
-1.2925398
0.27898584
1.5663746
1.9838195
-0.85852697
-1.5498306
0.71425282
0.83151289
-0.39590611
-1.0343852
0.49574963
-1.5566052
-1.0663329
-0.56383342
-0.0032748695
-2.5305087
0.23323206
-0.92557892
0.26917284
-0.070625793
-1.2976538
1.9116688
-1.0567956
0.87237029
0.80941734
-1.197443
2.6060849
0.72082116
1.0983504
-0.6378631
-0.91057974
0.97707846
0.11512128
0.57283912
0.30468026
-0.5280638
-0.61793609
-0.57129406
-0.55017658
0.51059808
-2.3207675
-0.44142614
-0.16511515
1.0704911
2.0563913
-2.8793122
0.17200294
1.0607966
0.48935358
0.085387104
0.4878719
-1.0817511
-1.8664908
-2.6941396
-2.2005379
1.9365858
-1.4601418
-0.35481867
0.59621385
1.1518546
-0.89740109
-0.65242138
1.2903323
-1.6871642
1.0779454
0.63913705
1.9033269
-1.836258
-1.2010719
-0.46812161
2.3179421
0.80538089
-2.3428774
-0.25183902
-0.99802776
2.4655595
-0.80245362
-0.65431889
-0.33862812
-0.06934949
1.300702
-0.35497521
-1.3594241
0.67905476
-1.5169888
-0.85638852
0.42837898
-0.18414016
1.2749116
0.077730163
-0.84635883
-0.70001948
0.58999711
1.5095934
-1.0426718
0.91399807
-2.5056526
-0.18519423
0.71859917
-1.3441522
-0.57033416
2.2589605
1.1729842
