-0.50307368
-0.44863803
-1.9333523
2.0176746
0.57962085
-2.0430211
-0.86484108
-1.3287375
-0.1771341
-0.19196099
1.8937873
0.72791227
-0.2177773
2.402793
-2.9271192
-1.3116261
0.25088196
-0.27129746
-1.6527169
-0.3931222
-0.14988298
0.3083243
-0.40774285
-0.48022845
-0.23429712
3.145242
-0.26402788
0.012398683
1.8068723
-2.2484521
-2.5457893
-2.1910809
-2.4771424
1.9472816
-1.2718356
-0.2767689
-0.81475658
-2.5994678
-0.71349231
-2.0596718
-1.6306627
-1.0326776
-1.5596204
-0.66560661
-2.0808853
-0.63051012
-3.1578348
-0.45109341
-1.0370603
0.111494
0.40253324
-1.8667463
0.33165998
-0.75249799
-0.10956059
2.0788501
0.08096963
-2.0897603
-0.22941344
0.56226199
-1.2824986
-0.36489123
-0.39088954
-1.4286223
-1.2921843
-0.99801575
-0.37863204
-0.061732077
-2.1203382
1.7534342
-0.11926134
2.8828628
-0.62389264
-1.4046939
-2.1755005
-1.5701058
-2.1570487
-0.14426198
-1.3445066
-0.49398556
-0.20190292
0.48228145
-0.69799232
-0.35080615
-0.49082708
-1.072684
-1.2808265
-1.6755943
0.93329191
-1.8750291
-2.2552377
-0.69099912
-0.78104203
-2.1274113
-2.5751091
-0.17650085
-2.299593
-1.2909419
0.87408643
-0.7712129
0.1820476
2.2376995
-1.2502746
-0.16205213
-0.54849006
-0.77465589
-0.014622541
-0.12206628
-1.2577182
0.31063249
-1.0341933
-2.1771484
-1.6462365
-1.1915728
-1.4751426
-0.38770876
-1.5727032
-0.48936787
-0.08352383
0.072526074
-1.9661258
0.72142275
-1.3170361
-0.51260732
-0.63945819
-1.1708441
1.6679699
-0.017070801
-1.4471226
-0.70428244
-0.06373348
0.49650833
-1.4794475
-0.79722022
-1.1330483
-2.552542
2.3187475
-1.1652403
0.72176185
-0.011439301
0.22145943
-0.71813982
-1.9458219
-2.1706762
-0.76891171
-2.1199679
-0.73650295
-0.47251457
2.0260734
-1.3653447
-1.0239144
-0.46476881
0.31019421
-1.0642445
-2.2094621
-0.44412654
0.8113892
2.2013538
-1.4621306
-1.0984971
-1.2436447
0.53877816
-0.77001389
-0.73675815
-0.016345766
-1.5598977
0.56306075
-0.3376439
-2.3785289
-0.57138673
-0.88280173
-1.3139692
-1.1414128
-1.2699421
-0.55760801
-1.2527053
-1.7477318
-0.46923895
-2.8614045
-1.1255
-2.5479807
-1.3317536
-0.74050054
2.1285572
-1.032678
-0.10859053
-1.8899677
-1.5774318
2.6003974
-1.9472321
-1.4684066
-2.3470894
1.803747
-1.8250701
1.9632667
-1.2758354
-1.7367639
0.40236029
-0.52604457
-1.7802002
-1.7660725
1.5328168
-1.5079889
-2.0374889
-1.9924445
-1.9716444
-1.3489423
-0.73460424
-0.29763791
-1.3761488
0.056670195
0.19595653
-1.4801318
-2.3121753
-1.3606103
1.7964786
-2.6928183
1.2470626
-0.60888002
-0.62312004
0.17477417
0.03047648
0.22573702
-0.51809013
-1.2294788
-0.84765292
-1.077873
-0.052726157
-1.9535279
-0.8989975
-2.4202067
-1.7390128
-0.5428942
-1.1185926
-1.1355867
0.097047435
-1.2715778
-1.3137481
-0.38507123
-2.5040279
-1.9342192
-0.067824191
1.4474049
-1.424038
-1.5982502
-0.81791589
2.4256595
-0.59337989
0.36324744
-1.851278
-1.2973976
-1.4135767
-0.89421485
-0.99982337
-0.49946599
-1.5137072
-2.2514624
-1.0275984
-0.29934451
1.7820514
-0.30628224
-1.2291782
-0.89874477
-1.3964534
-2.1398111
-2.9855315
0.14580319
-3.1289734
-0.6480754
1.5580258
-2.2684776
2.056075
-2.5209119
-1.2579763
-1.5510439
0.15499117
-2.432032
-0.47071571
-0.016485542
-2.3665413
-1.6232601
-0.53947339
-1.6070649
-0.20361825
0.52914434
-1.0326714
-0.64215843
-0.53219049
-1.4125028
-1.2830577
-1.5589053
-0.9418335
0.22845733
-0.9583352
1.5558257
-1.2414142
2.615291
1.9604592
-1.3074742
-1.2072929
-0.74812761
-1.0035865
-2.7298531
-0.35093233
-1.2643885
1.3079059
-1.6831654
-1.6059556
-0.37818968
-2.0481417
-1.7106723
2.5433297
3.0261656
-1.4581965
-2.872605
-0.22389192
0.63734026
-0.27971282
-0.0075802241
-0.91136662
-2.2738357
-1.5650419
-1.4731495
-2.0998738
0.83384087
-0.015196073
-0.38217264
2.7107119
-1.2710576
-3.0733602
-2.7995865
-1.8549782
-3.1363228
-1.0843941
-2.3282884
-2.0186345
-0.49870196
-0.79667887
-0.27998592
-0.087942506
-2.6728172
-0.59954586
-2.5606829
-2.3249075
-0.90466902
-2.8527953
1.996537
-0.44766082
-2.0827436
-1.8715236
-3.1244749
-0.88629084
-0.081956251
0.75029481
-1.2879465
-0.11534472
-0.95961874
-1.7910421
-1.4261154
-1.1905103
-0.29586942
0.044290399
-0.56260881
-2.2740289
-0.63857206
2.0586923
-0.41745786
-1.2058837
-0.44351832
-1.3800436
-1.5366556
-1.7153563
0.8816741
-1.0785939
-0.49884821
0.087425124
-1.1250445
-2.1149723
-2.8036658
0.23561903
1.976352
-1.7525958
-1.9698941
-0.841377
0.3977469
-2.3963301
-0.076647686
-0.99070326
-1.3182797
-1.286874
0.51360314
0.66426638
-0.19027968
-2.3079107
0.34040441
-1.1929444
-1.0347128
-1.538511
0.36528076
-0.22105026
0.26276067
-1.5238795
-1.488266
0.057681784
-1.4120842
-0.78246367
-0.1095669
1.9148098
-2.0075959
-2.8502842
-0.58613292
-1.8571977
-1.6176486
-0.065529183
-1.8026399
0.15015689
-2.8218658
-1.4382444
-0.25059577
-2.3591342
0.21425408
-0.059251245
-1.1971202
-0.93212361
1.9112767
-0.14627759
-0.87128626
-2.3403558
-0.51154901
-1.428043
-2.1112644
-0.82950584
-1.5709617
-0.13268862
-0.76758315
-1.4699226
-0.12543828
-2.1792726
0.044970693
-0.029272889
2.8883875
3.0278001
-2.7971866
1.0501847
-0.65761561
1.8503341
-0.63233765
0.44429788
-0.59454859
-1.51582
-2.3385204
-2.0287791
-2.5211091
-1.7092125
0.23145105
-2.5334351
-1.0698097
0.13592108
-1.5022494
1.8499125
-0.46266969
0.0051623326
-0.07253013
1.3363054
-1.6968717
-1.7337084
-0.91489674
-1.5407258
-0.78315196
-1.6212522
-0.85744561
-0.55471451
1.1050787
-1.8012923
-0.41266253
-0.089469414
-2.4879218
-1.8437015
-0.69670127
-0.64650745
-1.6309192
-0.99171134
-0.50485896
1.0499254
-0.37831725
1.878204
-0.9468628
-0.26796482
-0.87186366
-2.2158852
1.8731608
-0.76060218
-1.2879415
-2.7335653
-0.60250433
0.01897088
-1.1290929
-1.903464
2.0697144
-0.098389348
