0.87427377
1.8911468
0.57866403
0.28971499
0.8536478
0.7558998
-0.54572031
-0.15006404
-1.0762447
0.22994623
-0.14235126
0.00601618
0.15249625
-0.7469834
0.029641654
-1.6634256
0.91157744
1.1968238
-0.55291437
0.18883497
-0.63828756
-1.2305036
0.75497361
-1.8189135
0.35360483
0.78367657
-0.10751068
0.0066458588
0.62131494
-0.48247922
-0.52156748
-0.25326702
-0.8479071
-0.15006415
2.0571888
1.9972487
1.6361551
-0.28699455
0.84138568
0.13375365
-0.074949647
1.2761251
0.63148585
1.5281463
-0.52649355
-1.692239
-0.044201697
1.3556922
-0.49825274
1.2990154
-0.61248233
-0.2545372
-1.9380155
-1.4565237
0.33357106
-0.56169536
0.11789478
0.59185065
0.028796225
-1.4455521
-0.49166455
0.78898655
-0.32794981
1.3462384
1.4631137
-0.84064262
0.70700318
1.1734105
0.12067709
-0.4912745
0.862789
-0.18064625
1.9484118
1.1210697
-0.37395885
0.74822645
-0.83362586
1.6593437
-0.12668183
1.3257938
-1.0559648
-0.63054912
2.7222135
-0.078655913
-0.642307
-0.26171044
1.3974228
-0.9674903
0.52366011
0.50386745
-0.50399912
-0.20687499
0.51302851
-0.66302796
-0.11575101
0.0073203605
-0.50517336
0.6156362
-0.85654973
0.67081236
0.39052373
-1.1525338
-2.2068532
1.0904026
-0.55443334
0.36775453
2.397144
0.086962832
-1.1970479
0.90654078
0.36577321
1.5628723
-0.87551312
0.87608427
1.6886976
0.51179349
0.12760766
1.2131086
0.40183958
1.651442
-1.5302165
0.4970593
0.4256004
0.081736176
-0.33972616
0.46778397
0.12322593
-2.3403169
0.15349653
-1.9178756
-0.53851068
-0.77901015
-1.9238989
2.4492996
0.59841739
0.33129209
-0.24074091
0.84501244
0.38417246
1.4610904
-0.067198893
0.092235516
1.4457094
0.59219899
1.3682748
-0.56773734
0.40018074
2.4509763
-0.34392665
0.14166969
-0.0089298499
0.60660628
-1.5066419
-1.6214283
0.1101056
-1.9773916
0.52644409
-0.5570236
0.17872003
0.28903048
0.34839438
-0.27602638
-2.1727499
1.3179181
1.3263579
-2.1471241
0.57037054
-1.2138188
-0.21035847
-0.40253657
-0.54730182
2.0790877
1.7934263
-0.85645167
2.0628098
0.24686594
-0.14401153
0.19951936
0.387773
0.64550123
0.27857667
0.2199115
-1.9288487
0.30966771
0.42023044
1.2358057
2.7292818
-1.3090872
-0.69044225
-0.29021318
0.74395895
-0.31885084
0.49269138
0.15513201
-0.38921106
-0.12198059
-0.034994651
-0.9944435
-0.14583019
2.6977496
0.40210641
0.99304744
0.69141524
-0.40700302
0.57778754
-0.40780472
-1.0812982
-2.0029176
2.2401564
-1.3170563
0.12090684
-1.2931442
-0.58713816
0.42586707
-0.077065593
0.92832132
0.32812897
-1.6768219
-1.7565214
-2.2951214
-0.3317138
1.2963747
1.6656991
1.5655393
0.055910166
1.6733891
0.10695937
0.52164619
0.67328895
0.61520512
-0.66430666
-0.45444468
-0.74896251
0.41647182
0.94940503
0.40346634
2.6068318
2.3415777
0.641295
-0.13143132
-1.7823033
-0.11831514
0.84377348
0.93761755
1.5336307
-0.46157218
-0.37192848
1.042003
0.62320776
1.5453131
-0.48502519
-0.91401491
-0.15336754
-1.8491563
0.86897694
1.2303818
2.2162127
-0.21968969
2.3907279
-0.93040863
-0.066623673
-1.2789858
0.36930854
0.88179061
-0.41928263
0.24958106
-0.056009719
0.31108865
-0.32288236
0.23453673
-0.97204958
0.029164878
-0.13735357
0.79006358
0.97688167
0.37932203
0.64894234
0.53973599
2.0837616
-0.0052716896
2.574117
1.0397663
1.2495013
-1.9206767
-0.14772252
2.1815956
-0.76579232
0.25574735
0.11303425
-1.6273027
-0.89037155
1.6162091
0.059949149
2.0908947
-0.77237969
-0.5465539
0.30894093
-0.65119582
1.7421833
-0.16371268
0.92757749
1.4454663
0.039411746
1.8407613
-0.10154072
-0.98814675
2.1431103
1.1032966
0.29508544
-0.2589711
-0.13338626
0.26857526
0.68476998
-1.4591182
-0.32568854
1.0985531
-1.2231139
-2.3597235
1.3271337
-1.904566
-0.063601229
1.215757
-0.97832445
0.04762441
-0.82770633
0.66296872
1.4121187
0.435819
0.76097173
0.37872368
-0.016131048
2.0834401
0.71570529
-1.4232014
-0.26285845
0.19288482
0.46192947
0.98866413
-0.57310065
-1.0901826
-1.0778024
0.21306694
-0.11961497
-0.61880091
-0.76091564
0.24386378
0.3179581
-2.0559348
0.62331023
1.2767774
-0.25420984
-2.1986793
-1.5110694
0.68037246
0.78593833
-0.29551323
-2.533605
-0.11776411
-0.65350569
0.23496977
0.8395207
-0.12208332
1.81685
1.9494174
-2.0094881
-0.53156911
0.36874194
-1.2120325
-0.69991327
-0.51497565
1.1395669
2.3310915
-0.055694954
0.42592911
0.69117112
-2.2180311
-0.60731181
0.27492479
0.048675187
-0.34182049
-1.3492054
0.7491643
-0.58375461
0.48757511
-0.26758482
0.2334381
-1.2155094
1.9810131
0.46892567
-0.61756846
2.3798576
0.46099444
-0.024903218
0.51764337
0.038107546
-1.9356448
2.162182
-1.6480207
-0.7113878
1.525612
2.5462848
0.24110067
-0.48461208
0.043099759
1.5620917
0.37797813
-1.4872709
-0.55073236
-0.053416845
-0.23392386
0.0065632107
0.90514433
-1.7023907
0.48015769
0.39361183
-0.31985881
0.59671192
-0.0045949449
2.2044027
-0.13267782
0.4390029
0.81281169
-0.19756539
2.4501895
-0.98567604
1.0665897
-0.14814242
-0.30638177
0.52219735
0.18481051
0.56683565
0.2676055
-0.065139647
-1.6282006
0.58039261
0.46884942
0.31764118
-0.22455964
0.48442653
-1.2840376
0.17458712
0.057191888
-0.85662799
-0.45801319
1.8227095
-0.86815303
-0.92960371
-0.10634706
0.016138327
-1.1970106
-1.18304
1.2269597
1.9027465
0.38146663
0.25370071
1.1652346
0.83455683
-1.1965957
0.1494892
-0.58226259
-2.3070579
0.51293449
-0.90730273
-0.2118474
0.77058937
0.06977332
0.084249616
2.6590611
1.5611738
-1.7323826
0.35173014
-0.23090633
1.0604435
-0.61280338
0.42302697
0.012109849
0.24905884
1.8349415
-0.98171279
-0.40651488
0.26231483
-0.4159111
0.21374918
-1.5857714
0.084793672
-0.19888667
0.27940799
-0.6372984
0.52533274
0.60107601
0.2114829
-1.6637014
1.2131586
0.69596649
1.7627575
1.0704258
0.10219548
0.0026801506
0.43933473
-0.011086692
