-2.28566
3.5967559
-0.52904665
1.4164618
-0.68589384
-1.3841119
-1.2231539
-0.35374596
0.74900991
-2.5238609
1.5132512
0.83940876
-1.5238084
0.95678683
-0.52378224
1.3240018
-1.4554512
-2.1601854
1.7982434
-1.049754
-2.5718801
1.1659902
-0.19093565
0.95448129
-1.0840976
0.96380724
-1.7653114
-0.91810859
2.2021043
0.37173315
-1.0997691
-0.34485335
-0.023433328
1.1365564
-1.9731333
2.6968988
-1.276717
-0.77543493
2.5501198
-0.3725456
-0.22308761
-1.6884731
-2.4114574
2.6252542
1.1411457
0.51234344
0.5500485
1.6579175
-1.6216225
-0.82883243
1.6092725
0.6672258
-0.79908657
0.25755834
1.8021985
1.8972751
-0.90005012
-1.292252
-1.3436996
-1.5840403
-2.1705146
2.0646535
-0.66241006
1.4680857
-2.1409182
-0.040638794
0.14612429
-0.72559843
-0.97725827
0.99858282
-2.1775986
1.4446809
2.8021186
-1.5746319
-0.94791118
-2.3831263
0.49171305
1.6909497
-1.683786
-2.0902727
-2.4040843
1.7616217
2.431165
-2.7616783
0.22003043
-1.7577601
-2.4417624
-0.49655318
0.98968331
-0.32404273
0.60359056
1.7379794
-1.0564894
0.065356798
0.91398562
-0.49629224
-0.27045904
-1.8316001
1.8308724
-0.71599357
0.75562227
1.0792791
-1.3109092
-0.26115493
0.34490513
-1.044063
1.8221064
0.49544287
-2.0140292
-0.82017139
1.4878432
-1.4132855
-0.27631323
-1.2541432
-1.4267459
-0.20716343
-0.98504822
-0.0065068384
-0.79657309
0.93086017
0.2034651
-0.38058432
-1.1783627
1.3410464
-2.2946339
-0.18427689
2.1172325
-0.58071624
-0.21076081
0.21867147
1.6509492
2.3250477
1.9072901
-1.83836
0.59459799
-0.51426691
1.5614635
-0.0092468151
1.0608832
-1.2400789
2.0147147
-2.3541518
0.54833066
-0.48537061
-2.1138128
0.20030474
0.50813627
2.7513062
1.6833327
0.66258845
-0.52709309
1.8381314
-0.094213834
0.65714254
-0.59982985
0.94466176
0.38900472
1.0248036
2.266402
-0.77004534
-0.72008458
2.345487
1.1387741
-1.4379569
0.10257549
1.2895323
-0.61501173
0.0036737893
0.06319522
-2.0100172
-0.88866312
-1.776317
2.7603521
0.2918981
2.3409685
-1.1774368
-0.53423445
0.79203457
-0.80469134
1.8296632
-1.1085772
1.7711026
0.14262889
1.7454597
0.82956332
0.19300859
2.7963385
1.7762632
1.1088302
0.082328424
-0.80308666
0.20412801
1.5102253
-0.80988901
0.98484617
1.0052069
-0.14645405
1.9959424
-1.4740953
1.8883217
1.8128822
1.5626194
-0.69683809
-0.25415127
-0.69290837
-0.39548194
-0.54812846
0.80048267
3.0473007
-1.2340103
-1.1498735
-1.5973402
-1.101459
-1.1342242
-1.3093956
1.1982595
-0.32145631
1.2290293
-1.5649206
-0.006388916
-2.6268222
1.6432418
2.0024726
-2.3782799
-0.25699945
2.5075092
-0.17150439
0.037723785
-0.54149332
-1.4712709
1.9632632
0.96786072
1.7237736
-0.90965211
-1.6456199
-1.3352723
2.3878688
2.4258514
-0.99854397
-0.63787608
1.7206604
0.75789743
0.62259771
-0.90255057
0.86395358
0.47805169
2.1341785
2.1353802
-1.4865415
2.0849269
-1.6264259
0.5081955
-1.7425371
0.33278532
-2.074814
-1.664261
1.8021898
0.97021604
2.3791339
0.77098211
1.294412
-0.40020212
-2.6266204
-2.2298491
-0.52771941
-0.29673133
1.5891242
-0.788821
1.0187255
0.59079717
1.1567322
1.5607261
-0.72105545
-1.2357262
-0.27572228
-1.1517245
-0.52014186
-0.25207951
1.9638299
-0.54084608
2.7883629
-1.1763963
-1.3124595
-1.5315851
-0.12954167
2.7909609
2.3901187
-0.6769518
-1.0956204
0.7489003
-0.56549364
3.0921726
-1.0543166
1.6734059
1.2879247
-1.3205462
2.0427768
0.67633047
2.5502484
0.54512028
-0.24829067
-2.1466127
-0.20739892
1.0703367
-1.8345876
2.6908755
3.0519907
-1.9566778
-1.7768979
1.8195123
0.66292357
1.3569434
1.4420888
1.636056
-0.42037193
-1.4013154
1.5217354
-0.15811332
1.8115095
1.9113919
-1.2525525
-0.30380383
-1.8704455
0.45793858
0.25962812
-0.71194193
3.3689648
1.4983512
-1.9684555
-0.65007992
-0.81485461
2.4661425
-0.86331951
0.33852267
0.10349151
1.0844784
-1.2044427
-1.5945229
2.036363
2.0297325
1.7737394
-0.32014282
-1.0832145
1.4302717
0.48358649
-1.0689458
1.318112
-0.80330883
-0.23061397
-1.096999
-0.41208642
1.2068053
1.3519953
1.6157119
-0.29616434
0.28965911
-0.3001609
-0.6121284
-0.96022537
-1.007474
0.026108319
1.1621134
1.3951265
2.8928677
0.075310998
1.0207338
0.38034054
1.6171538
1.8115977
-0.13858576
-2.3162063
2.3497454
1.8227901
0.78156349
1.0534178
0.6669049
-1.3139007
-1.2257805
-0.56638929
-0.54735004
2.1829892
-1.0544867
-0.99507309
-1.6188973
2.0283414
-0.52030828
1.1036533
1.40783
-0.2391765
-2.1175135
1.9285617
1.6187331
1.5363362
-1.3883507
-0.7665576
0.47821135
2.8262195
1.4943228
-0.39753551
0.35313182
2.3505242
0.5460676
1.1637097
-0.89852908
0.01159766
-0.098895858
0.77399235
1.6143384
2.1968221
-0.29394563
-2.228279
-1.6660825
-1.3978535
-3.0133249
-0.99826587
-2.0851062
-0.40098393
-2.0819779
2.0525196
-0.3839491
-0.40908375
1.7086551
-2.0024671
2.3895471
1.0891246
-0.079346811
-1.5160269
-0.52334107
-1.0137874
0.44849375
-0.41945315
0.99140295
-0.074181035
-1.0716491
-1.4258077
-1.0742421
0.616068
0.45424334
-1.6419042
0.88478687
1.0022266
1.4186742
-0.33375332
0.68427892
1.766029
0.1554611
2.3651211
-1.0011028
0.6014679
1.2463207
0.76949409
-0.30197282
2.6364916
2.1570339
-1.1082374
-0.58879501
0.78180735
1.1906766
0.52495751
1.0284339
-1.6231952
0.81574756
1.8458048
1.4646898
-1.8682562
-0.6525327
0.69644156
2.4124091
-1.1130802
0.4312371
1.0139824
-1.6097332
0.64873103
-0.11388953
0.53918056
-0.50904721
-0.54734045
2.6758271
1.6445935
0.53058035
-0.32714226
-1.958425
-1.6313903
-1.2127002
-1.314762
1.5721161
0.53348725
-1.2878592
-1.6061187
-0.82981852
0.94431597
0.37673803
2.4777193
1.7285013
-2.8357499
2.2565276
-1.5103612
0.1597738
1.2722745
1.8708809
