0.025113438
-2.6258963
0.68237218
-0.48722051
2.2619066
1.089335
1.5254233
0.43326139
-0.85733804
1.4714437
-1.7701403
-0.6301525
1.2363686
-1.2272685
0.56550548
-2.1154788
1.5604291
-0.07413452
-0.9631178
2.0137426
0.39392735
-1.2006174
1.4734327
-2.2484253
1.598063
0.25830215
0.32640288
2.05992
-1.4296877
0.21282766
-1.5089802
0.64676075
-1.6367708
0.45060531
0.84564359
-0.63180865
0.46010453
0.79191656
-2.3878902
0.52307352
-0.28654374
0.51617339
2.3325975
-0.03126582
-1.1103019
-2.0932355
0.77307826
0.42989082
1.284395
2.7491037
-1.346512
-1.0055536
-1.5663423
-1.0080689
-0.36844282
-1.8779564
1.8480048
0.44801593
1.182162
-1.7609632
-0.23222077
-0.53254303
0.52767409
0.17461757
1.3374887
0.67865434
0.49599414
1.8584592
-1.3328842
-2.2147486
-0.02163571
-1.1182633
-0.99723347
0.99873631
0.54614211
1.3638781
-1.8459806
0.62585504
1.1949073
0.47826339
0.80891121
-0.23274903
0.21399602
1.1437877
-0.61003691
1.5558094
1.0194913
-1.0597814
2.0093936
0.82583561
-1.7538346
0.36885283
0.87201878
-1.7264611
1.2631805
1.5332733
0.38281054
0.62329115
-1.5170186
1.6023657
0.16811125
-2.0760768
-2.3555064
2.3946877
-0.24684957
1.3279072
0.11902449
-0.70717978
1.120278
2.318143
-1.4597812
1.041794
-1.4600045
2.1816434
1.5720293
1.8790567
2.3036484
2.5002815
1.4542529
0.38273128
-2.6488556
1.5292652
0.99434122
0.6151531
1.6119887
1.5247721
-0.93312699
-2.4325747
-0.88707168
-2.5339706
0.77797981
-0.55425992
-3.212816
1.6497215
-0.85087256
0.72365462
-2.000606
0.48898554
1.2559535
2.293995
-0.63401596
0.34555605
0.12894427
0.35858038
1.2342386
-0.036996686
-0.16117177
1.1644952
-2.1106908
-0.015919039
1.059464
-0.30687776
-1.8561348
-2.2854062
1.0647653
-1.6332245
1.4524427
-1.4410419
-1.6755047
1.4733475
2.1200807
-0.55075485
-3.6221398
2.424985
2.0818617
-2.3305183
1.8347571
-1.1709904
0.081082628
2.0037294
1.2824884
0.85114151
-2.5706564
-1.7591546
0.15701042
0.13815831
-0.57487474
-0.245682
0.84316971
-1.4280845
0.9780637
-1.3280421
-2.0167601
-1.4839276
-1.0031837
2.3358786
-1.3474799
-2.3602865
-2.5254749
0.080846197
1.2873926
0.1987276
-1.2325421
1.2682832
-1.9428013
-0.52848977
0.69914728
-1.0080853
1.6850511
-0.20225098
-1.1421432
1.1128351
0.95633187
-0.18523574
0.69998761
-1.1932932
0.57584006
-1.9839291
0.44421739
0.17183122
1.3431312
-1.4459994
0.65858613
-0.091104034
1.3210647
-0.3568675
-0.92567323
-1.7451397
-1.5341062
-1.9086539
0.3716031
-0.018954657
-0.047679958
0.50441262
0.42298549
-0.58909437
-0.40273335
1.5050181
0.43892452
0.5084071
-1.9420351
-1.4615764
-1.8051693
0.019247882
0.36301042
1.1761535
0.60513281
0.86169242
2.5247289
0.61350814
-2.8837198
-0.78565552
0.18795837
1.5276459
0.3707348
-1.1729588
-1.7772556
0.85582031
2.388851
-0.11175553
1.5423358
-0.87137344
1.5174817
-2.2741746
0.2620854
1.176711
-0.54828533
-1.0182808
0.97229986
-1.2400046
-0.78673265
-2.4409612
0.89711491
0.9225624
1.0752961
0.91426334
-1.4913619
1.5989503
-1.1069127
-1.2502767
-2.1462508
-0.80812516
0.63073101
0.97095645
1.0065263
2.3117563
0.51105177
0.19744655
-0.24669268
0.58635255
-0.76865121
2.1285329
0.90350859
-1.6825456
1.2001692
-0.099583243
-1.121018
1.631932
0.0065729532
-1.4286467
0.068354188
-2.7758097
1.3901726
1.3467831
-2.366418
1.8079974
-1.2719197
-2.2267534
-1.0524004
-1.9677922
1.0137693
1.3868326
0.73538916
0.78285972
1.8387164
-2.9160855
-0.76621517
1.2388359
2.1879211
-1.6732225
-1.1374889
0.16512348
-0.32384264
-1.1860898
0.59766209
0.88389296
-1.2390556
-1.7856142
-0.70224696
-1.7073008
0.36934236
0.10148748
1.0247326
-1.3101649
-0.74017494
1.9204737
-1.2542976
-0.48642395
1.0303409
1.1857659
0.89894228
0.063690474
1.3534037
-2.2977045
-1.2220451
-1.5228209
1.732771
0.46956843
-1.3243599
-1.3094333
-1.7188662
1.13255
0.50314953
-1.7479536
-1.33973
1.3281686
-1.4430418
-1.8977283
-0.020524374
0.60950298
1.0703682
-3.4279204
-2.6385327
0.92130689
1.1507893
-0.74092464
-2.0373668
0.049961091
0.54793076
1.369728
1.9322605
1.0669469
-0.26769966
-0.73355908
-2.6423167
-1.7909537
0.098788303
-1.8811342
-1.2264226
-1.2861369
1.2019454
-0.86965313
-1.2846203
-1.1395043
0.095831024
-2.6872817
1.5811196
0.2538214
0.5821291
1.2863966
-2.5225575
0.62954854
-1.646727
0.089986681
0.19267202
-0.023936645
-1.3309048
0.83440718
0.56113622
1.5841299
1.1119924
-0.79528566
0.68897968
0.64415006
0.54153507
-2.3253971
0.9737092
-2.6612383
1.1518632
2.0285136
-0.13654905
-1.2592015
-1.5659823
0.078759857
0.19972979
1.5160124
-1.4076069
-1.4491577
-2.1278389
0.67872826
0.71840253
0.54122815
-2.0336479
-0.38205511
1.313856
0.20433635
0.85050296
1.61552
0.21303843
0.23992861
1.1887036
-1.8208546
1.3154583
0.13550011
-1.511048
1.9364297
0.74161778
0.20131167
1.6895543
0.12928347
0.093929175
-0.56223831
0.99285844
-1.6417211
1.3260103
-0.045826793
-0.054238202
-2.0216537
0.05546454
-1.3898852
-0.71321346
-1.1382766
-1.3397973
-1.4712233
-0.34512332
-1.7716971
-1.3239939
1.3553867
-0.68671877
-2.4824634
-2.1480868
-0.63394394
-0.11231963
-1.0068334
1.3409188
1.4087567
-0.66981151
-1.6079027
-0.063680386
-1.2058891
-1.5954283
1.6144099
-0.2383045
1.2125173
0.26002639
-0.86317312
-0.12019537
0.28584135
1.0802944
-2.5226695
-1.4103094
0.89382619
2.0928743
-0.7011909
0.15358851
1.5652468
0.57862249
0.06324087
-1.1814107
-0.67803321
0.41554577
1.3061025
-0.24979649
-2.1056086
2.34202
-1.5430732
0.62304672
0.85223975
1.3681888
0.53727408
-0.72084867
-1.9732003
-1.5208807
-1.2266359
0.61817539
-0.50679775
1.4914989
1.9857931
-0.72276712
-0.52981979
