2.0512534
0.35007147
-0.12014436
-0.3463669
-0.37505275
0.53480275
0.74380407
0.89341598
-1.2914095
0.87762194
-0.61199816
-1.6530313
1.1974698
-0.42952949
0.81412382
1.1544427
0.75602823
2.1169951
1.2392473
0.6722459
2.1987184
-1.8121735
-1.6837266
-0.44901218
0.28814559
-1.5908088
1.8626498
-0.22960665
0.46659009
0.94582692
2.8406797
1.4527879
2.6674364
-1.991829
2.1554943
0.61276211
1.8046122
0.88452376
0.57927034
0.085185383
0.20032271
1.5504744
1.0693481
-0.14532933
1.3721553
0.37153883
1.9130962
-0.11429961
1.1281815
-0.29229309
-1.9364608
2.0406021
0.44826338
0.85877351
-1.6893953
-0.85261354
-0.045239034
0.67538811
1.356233
0.32174921
2.4562474
-0.055639267
0.15560996
2.0348181
1.5717259
0.84499628
-0.82403037
-0.011000913
2.7729257
-0.66491495
1.6604246
-1.3593098
1.0039995
2.2816112
0.28781615
1.5242403
2.1440067
0.56978952
1.3851345
1.8297094
1.8070019
-1.8732385
0.87105526
2.1283771
0.097012835
0.62458299
2.112025
1.8433557
-2.0419894
-0.34966359
2.9412303
-2.1530891
0.37537718
3.5073253
0.43787831
-0.58819768
1.6823104
0.69828726
-2.5037563
1.6763994
-1.4484409
-0.81216584
1.8511777
0.13990095
1.1684231
0.9376716
0.098441006
-0.69986771
1.4973057
-0.59271515
1.3060484
1.5150908
2.1677718
1.3903773
0.46396762
-0.68614708
0.85051215
-0.21627359
0.67121568
-0.20130284
1.4449689
-1.7359887
1.7801294
-1.4210056
0.92508898
0.68950682
0.76086984
0.52328875
1.6559881
0.84646404
-2.4189189
-2.6438076
0.38764362
1.4600369
1.1379684
0.38827942
-0.82386662
0.051473847
-2.1770415
-0.74830255
-1.8053408
2.2177422
2.7651895
-0.10673899
1.0420241
0.82990134
0.58667748
0.47852872
-1.3027208
0.43251095
0.90989271
1.8570179
0.045610961
1.1512113
0.73437225
-0.44231803
-1.7482167
-1.1878153
2.1132767
0.12713638
0.39395249
-2.0759475
1.2757239
0.69265534
-2.053921
0.46809403
-0.027070506
0.0080677532
0.38116748
1.1441696
0.65404032
2.3729918
1.6730707
2.0179232
0.84235747
1.0913079
0.12108392
0.010438536
0.86591177
0.83038845
1.0752966
0.12155615
0.37207307
-0.71568563
0.80354178
-0.095240602
1.6854205
1.3421824
-0.12430197
1.0635196
0.95515948
1.4079903
-0.3171699
1.7924559
0.47677763
0.48695422
-0.43878428
-2.7646078
0.87265076
2.172002
2.1589283
-2.5400183
0.36426381
0.63266661
0.028634285
1.7315689
1.5138732
0.99480889
-0.43530066
2.00968
0.33287485
1.0934004
1.7180288
2.2259597
2.0004059
0.78069549
3.0123049
-1.937615
1.346859
1.8161117
2.3502236
0.70122158
0.4094053
2.0525069
-0.0048093192
1.4175612
1.0757186
0.21115634
0.23923089
1.6768271
2.2632025
2.529293
-1.1711328
2.2027956
2.1682457
0.70231604
1.293435
0.23295954
-0.071037532
0.84064049
0.48913154
1.4058697
-0.29421149
0.85504787
0.6147817
0.1697887
-0.98036596
-0.55841115
-0.073503579
0.7064957
1.4287932
0.38757983
1.204571
0.93342243
2.4897501
2.5430897
1.0956521
0.035616315
-0.11039797
-0.82303007
0.78638561
1.7050468
2.645439
2.0312523
1.661851
0.84657731
-0.09288311
0.87590443
0.49422481
0.030664859
2.8610804
0.015464378
0.95163721
1.50248
2.0283149
-0.12072763
0.16151501
0.94455011
0.35830263
0.85625182
0.97010663
0.4844518
1.4701744
1.2281581
0.47096232
0.85825282
-2.3728078
0.82258129
-0.49655711
0.34003866
0.90945708
0.71369101
0.90449202
0.21625225
0.39683939
1.4260626
-0.44418495
-0.48921863
0.37340431
1.8917251
-0.90049774
1.1204707
0.50847023
0.0029813916
0.95343511
0.26658859
1.3358769
1.0259069
-0.094135157
1.9126274
1.7554125
-0.87335984
-1.620195
1.4016513
0.76795276
0.93459397
-2.2923109
-0.26512487
0.65680915
0.09620656
2.0546266
1.8401132
2.0167443
3.0092221
0.17616089
-0.70700258
-0.82619813
-1.1089301
1.3637342
0.80280802
0.86613078
1.3230255
0.92973324
1.2098504
2.8360186
1.6907668
1.2320602
2.154921
1.031598
-2.3077324
1.3087331
-0.61070464
0.66632243
2.5665861
-0.13645713
1.2989774
0.3366837
0.26724242
-0.65180137
2.7017811
1.6333597
0.46359347
1.0248162
-1.8944376
0.52011267
-0.46367281
1.319408
0.94135717
1.8660854
1.139267
0.35376999
-2.1494594
2.0016828
0.21151884
0.90993144
-0.88251897
-1.5977844
1.3940492
-1.8475637
2.3750001
2.712636
-0.0072054188
0.65669055
1.1597556
1.1234695
-0.10870938
1.4851486
0.39607426
0.25630255
-0.017990573
-0.89880646
1.8095671
2.0927307
2.0260502
-2.282495
0.4988835
-1.0062128
0.1108852
0.53083186
1.5834289
-0.50776545
-0.3520634
-2.1898471
0.62540103
0.4475947
0.27233425
0.65371193
0.64497554
-0.22541438
0.19809406
0.45253066
1.2822856
1.945393
-0.14855248
0.85344203
1.0940871
-0.51828719
0.89590716
1.9188356
0.66048603
2.5301915
1.6269497
2.7418784
2.555409
0.9835364
1.7070349
0.080788509
1.6669375
0.73148286
0.85213349
-0.48876903
0.76983117
2.0516393
1.271453
-1.0620035
-0.43670721
1.2868634
0.76870871
-0.492061
0.26541968
-0.28919829
0.81889142
-0.11791793
0.44625763
1.6010012
1.6813905
0.17666495
2.8383241
2.2754039
-1.8432528
-0.15667688
-2.0742441
2.8439238
0.32678925
1.4701307
-1.267085
-1.7138603
0.33766192
1.9000347
2.2913546
2.7622769
2.777646
0.86516892
2.1248268
0.58363115
0.34602553
0.8904694
-1.3703589
0.86263722
-1.0181288
2.1255543
-1.5524324
-1.5947106
-2.7183865
1.8671949
2.32939
0.95925364
1.3030868
1.5609036
1.4857634
0.79140575
1.4773608
-1.9822032
0.47719825
1.2038049
0.29226326
0.106738
1.237645
-0.40212395
2.0541488
-0.12852771
1.734783
2.0257786
-0.227295
0.62495636
-0.36427061
0.72819154
1.2917071
1.413198
0.40328364
-1.6860488
0.42085724
1.0114311
2.8653935
2.3626714
0.57924093
1.1575427
1.152687
-0.76951218
-1.5961566
