-2.103262
-0.68834251
1.7165221
-2.0448089
-1.3622923
1.9860676
-1.0056016
-0.81925417
-0.20715723
-2.0197863
-1.1010448
-1.6790538
-2.292655
-1.8451981
1.9946562
-1.2089336
-2.4377848
-3.0482043
-1.6496347
-1.3986073
-1.1199419
-1.2216548
-0.79487583
-0.97510404
-1.1880023
-1.6656405
-2.0088113
-1.8809232
-2.4027398
1.3224828
-2.6239504
1.2017498
-2.5309762
-0.74094332
-1.5085912
0.066873823
-1.5799198
1.9611368
-0.6734073
1.7955726
1.6498743
-1.1014803
-1.0355144
0.066828236
-1.9083529
-1.1672269
1.3727246
-0.35157171
-2.0234415
-1.3821139
-0.41756834
-2.284456
-1.192559
-1.0877799
-0.62633571
-1.613464
-2.1370001
1.495317
-2.5468217
0.10260158
-2.9039717
-1.0455653
-1.070943
-2.123931
-2.1303553
-0.45681484
-1.0471721
-0.49140804
-2.6965717
-0.60279325
-2.3653159
-1.1672757
-1.4998699
-0.37400912
2.2381783
-0.6003288
-1.6162468
0.25344161
0.3209536
-1.5567057
-1.6840272
0.15347348
-0.60651361
-2.1081167
-1.0734542
-1.6477432
-0.32932026
-2.0902867
-0.69272062
1.9255937
-2.0319837
-0.073597651
0.2265093
-2.2358716
2.345007
-0.7253729
1.1069662
-0.52190043
0.23637245
-2.613974
-0.042856332
-1.3142951
-1.7838292
-1.3975754
-1.9018746
-2.0609818
-1.6780377
1.2223036
-1.4556448
-1.0672837
-1.2617007
0.68629955
-2.0295994
-1.4398633
-0.84855521
0.25916876
-1.259374
-1.2760985
-0.59315755
-1.0802088
-2.4619159
-0.83647727
-1.6282229
0.40894071
-0.93003254
-0.76553342
-1.7645821
-1.0158131
-1.6882902
-1.8061139
-0.45100798
-0.60399181
-1.2096089
-2.2485462
-0.57364644
1.7901048
-1.7829224
2.3019173
-1.1209288
-0.92861155
0.84303455
-1.8189517
-2.3355249
2.2410348
-1.5768952
1.4005847
-1.6928588
-1.3694996
-1.2342762
-0.26970581
-2.222658
-2.130563
-0.57832793
-1.4767066
1.7526883
-1.0337955
-1.2578829
-1.3844459
-2.0979034
0.80493273
-0.7783499
-0.68716677
-1.9585364
-2.1967842
-1.1217955
-2.0790661
-0.80349109
-1.2186089
2.183466
-1.6913993
-0.96742777
-1.2158224
-1.1266639
-1.4796003
-0.32510741
0.71536609
1.6066204
-1.3930325
1.8185121
-0.94786596
1.8106662
-1.038503
-0.33906768
-1.23074
-1.2690917
-1.415329
-0.98459435
-2.5178899
-1.5675453
1.2677589
2.0265137
1.35937
-1.7719527
-2.5875384
-2.2244472
-0.74252786
2.2477781
0.17353659
-1.9609312
-1.0154777
-2.3472909
-0.40458395
1.3281308
1.4639377
1.6494896
-1.8717089
-0.96066778
-2.0308181
-0.079014994
-1.3787815
-2.0115361
-0.72441686
-2.0969862
-2.5151324
-1.77555
-2.6834247
-3.2529374
-0.15138926
-1.1832124
-1.1898029
-2.8584553
-3.0545885
-1.7857416
-1.6312379
1.311241
-0.78334958
-1.2417706
-0.40712637
1.9290398
-0.38458523
-2.2095925
-1.6227824
-1.0018945
-1.8263287
-0.61433111
-1.984205
-0.43198125
1.0207292
-1.2294385
2.0808328
-1.2274631
-2.9791551
-0.63921257
-1.6447856
-0.41920825
-0.50952659
-1.0554769
-0.56708814
-1.4094525
0.61685467
-1.2845224
0.97868493
-1.8089389
-1.0526241
-2.3992835
-1.2412012
0.11948842
-0.17278613
-1.3152858
-1.4116913
-0.76205762
-0.58175665
-1.4260448
-0.018893147
-0.38763932
2.0086776
-2.0041558
2.140238
-2.5650036
-1.1642285
-1.8656249
-2.4437045
2.0380731
-1.782747
-2.5258384
-2.0412673
2.1371399
-1.455281
-1.3928968
1.822049
0.19604353
-1.7508584
0.094402576
-0.36232076
-1.7729598
-1.2764185
0.97459485
-1.4298535
2.0346001
-0.96077728
-1.3821516
-0.3399993
-1.636301
0.12867459
-1.7001921
-1.3021818
-1.1342997
-1.0869508
-0.53023171
-1.2637095
0.68031142
-1.8032547
2.0835337
-1.0536172
-0.90923367
-0.85998143
0.015802998
-0.54818515
-0.536404
-1.3927751
-2.0400107
-1.9330145
-2.1251816
-2.1214166
2.1423778
-2.439872
0.071763237
-0.32438398
-2.5024405
-1.433461
0.63390525
-0.47834793
-1.5055172
-2.1718984
-1.1567467
-0.50794107
0.69366719
-1.8303395
-0.02169212
1.6316154
1.9016637
0.073292389
1.9536328
-1.5794751
-1.735495
-1.2827258
-1.9479552
-2.4270451
-1.8206984
0.011304992
-0.85720592
-0.46651239
2.0499278
-1.3830241
-1.2809538
1.6256062
-2.0225414
-0.56416829
2.2965938
-2.5948648
1.7305047
-2.3477712
-1.6866881
-1.4009942
1.3985194
0.051148513
-1.7549043
1.0505899
-0.25385804
-0.95180265
-1.6640054
-1.6961986
-1.6654697
0.94815412
-1.677491
-1.4078695
-1.0960661
-2.0110043
-0.39440189
-1.7714455
-2.0164126
-0.022732782
-1.7173861
-1.6314539
-1.9994053
-1.0856306
-0.79522888
2.0335787
1.9523262
-1.7428601
-0.43390393
-1.1725775
-2.4557624
-1.6039353
-0.31841143
1.6607095
-1.1111867
-0.17324401
1.4357999
-0.54329723
-1.8311664
-2.0318525
-0.46986191
2.0522773
-0.88826129
-1.4295919
-0.61008079
-1.2053399
-1.7728
-0.54532228
-1.8499507
-0.9375373
-1.9363031
-0.55781034
-0.37605126
-1.808067
-2.3245957
-1.9002963
-2.1094083
1.8211265
-2.156598
0.26207369
-2.4570845
-2.5050794
-0.4136828
-2.3307295
2.2994064
-0.92805247
-1.9159042
1.6274655
-0.25882548
-1.3326373
-2.0561525
-0.84231387
-1.3035909
-1.0644072
-0.7196513
1.8680685
-0.044896755
-1.5071342
2.0205292
-1.3477372
-0.91701858
-1.1600233
-2.0783507
-0.55989035
-0.819804
-2.0164912
-1.9893805
-0.33495643
-1.9048916
-1.5256385
-2.9362321
-1.2337939
-0.64182489
-1.6504441
-1.0242498
-0.055725795
-1.8252227
-1.9867685
-1.8103118
-3.1921565
0.37367673
-1.8000635
-2.0588786
2.094162
0.76795028
-0.6114542
-1.4631418
-1.1085316
-0.9702167
-1.152903
-1.4379259
-0.63766244
-2.2580066
-1.7531129
-0.7949676
0.44338889
-1.3222993
-2.5210837
-1.2324042
-1.8237312
-0.82444831
1.2680124
-1.4224521
-1.7491125
2.157126
0.0033198107
-0.92412172
-2.7568736
1.5380547
-2.7352262
-2.5773283
-0.034031573
-2.0562572
-1.6677232
-1.4850119
-1.9748692
-1.1265951
1.7908744
-0.63334555
-2.0402237
-0.19199424
-1.9982469
-2.2362663
-2.1062497
-2.1178676
-0.49322331
-2.0467068
-0.039158775
