-1.153357
0.36898586
1.4289344
-1.9634775
-1.8693135
1.9748349
-0.71530627
0.41528788
-2.2145988
-1.5828917
-2.8933844
-1.1833812
-1.1005628
-2.5948494
2.0633427
-1.2678863
-1.9240167
-1.471734
-0.52750358
-1.0618781
-0.54967021
-1.887123
-0.28464486
-2.5183252
-0.4743965
-2.6991879
-0.92586824
-2.1048806
-2.1013235
1.3706153
-0.96374833
1.3719785
-0.86672294
-3.1160427
-0.85107333
-0.84801231
-0.31328915
1.8340052
0.48970251
2.2064578
1.4496794
0.40537682
0.70348881
0.071395391
-0.81652941
-2.2407944
1.7405207
0.12554835
-1.0719741
-1.2039391
-1.7810304
-0.45030606
-2.0688434
-1.2223969
-0.80649393
-2.259485
-2.3012796
1.785279
-1.6746507
-1.2914585
-1.1518415
-1.881315
-0.73634575
0.42435199
-1.3935714
-0.079478699
-0.67961111
-1.0144555
-0.31045027
-1.9865967
-1.4449324
-2.5632618
-1.8706296
0.46424653
1.8000821
0.84889864
-0.71512535
0.95967963
0.73481133
-0.73366794
-0.7175183
-1.9499332
-0.03098309
-0.76942711
-0.68169629
-1.1962881
0.97872372
-1.5393983
-1.0754196
1.4338281
-0.9554668
-0.5440239
-0.55259644
-0.34158798
2.0816628
-0.67996021
1.0494289
0.35653755
-2.1708645
-0.39076073
0.028372505
-2.7560652
-2.7260345
-1.4579266
-0.71731408
-1.1070087
-2.0287463
1.5054153
-0.52045714
-0.76781378
-0.2955013
2.1797691
-0.70561635
0.68591827
0.88050761
0.52171523
0.22775166
-1.3169202
-0.46524428
-1.2152838
-2.1498123
-2.1710551
-0.1244522
-0.18955224
-1.0402326
0.8974498
-1.1813362
-2.6108908
-0.19528424
-2.5116027
-1.5696726
-1.930545
-1.8075476
-0.32443915
-0.18106509
2.2644896
-2.5733193
1.6698194
-0.95316549
-1.361566
-1.1272031
-0.86633788
-0.07886361
2.1858574
-0.47799951
1.5415715
-0.71923033
-1.2321323
-2.4881067
0.23309203
-1.3892512
-0.43903343
-2.1907265
-1.9059457
1.8002763
-2.4044928
-1.7573223
-2.0984625
-0.4919831
0.50099528
0.78572038
-1.9891494
-2.77724
-1.0739875
-0.54233952
-1.9645411
-1.3546155
-2.1370448
2.053104
-0.93507899
-0.48067382
0.32201985
-0.42204429
-0.86251638
1.1493729
1.0263311
1.5029064
-0.65627552
2.3613571
0.20050838
2.2351836
-0.19947377
-2.0525349
-2.6879685
-0.10682148
-1.0488578
1.305154
-1.712932
-3.0508148
1.1230493
2.2646571
1.4006636
-3.5868943
-0.26515572
-2.7598333
0.27555575
2.0364967
-1.754086
-1.3233001
0.60494091
-0.91239683
-1.2730251
1.6709716
1.5044033
1.6375064
-0.3059159
-0.43713036
-2.0746899
-0.03983821
-0.04765689
-2.2816187
-1.4567667
-0.27623659
0.64460865
0.40888221
-2.2371924
-0.25976893
-1.9542857
-1.977719
-1.9623236
-1.4428245
-1.3508968
-0.800223
-0.43538132
0.89408915
-1.2369318
-0.056023485
-0.19688047
1.8609536
1.3081953
-0.70841579
-0.35487735
-1.1119624
-1.0327159
0.99724435
-1.2643179
1.0737027
1.290109
-0.78676092
1.9389467
-1.6450189
-1.5059359
-1.2669859
-0.13861673
0.38568648
-0.58723904
-1.9421825
-0.54713817
-1.4040242
1.6555851
0.061624852
1.1049565
-0.20228973
-2.2997522
-0.25795711
0.98446333
1.6825388
0.46039116
-1.0026245
-1.9886068
-1.4868923
-1.4233873
-0.05058142
1.5362141
1.2152856
2.350872
-0.6291458
2.7483094
-2.4298362
-1.4384046
-0.89120715
-2.3581884
2.015218
-0.37727054
0.083415947
-1.767393
2.3865916
-0.28821601
-0.45977804
1.9722561
1.6246783
-0.91048724
1.27119
-1.7857451
-1.3989818
0.27831722
-1.0074954
-1.0076496
1.3209808
-1.2150422
-0.34082909
-0.17408214
-0.758595
1.4279133
-2.3776806
-0.57289241
-2.2264111
-2.1700906
-0.068462675
-0.28834365
0.44939226
0.10690802
2.3325827
-0.14749147
0.68377496
-2.3489055
2.066003
1.1935747
0.18613784
-0.33252081
-0.39590698
-2.283584
-3.0281518
-1.4342938
2.0359662
-1.343564
-1.0496831
-2.1804998
-2.0188432
-1.6466361
1.3382685
0.63962097
0.095526617
0.0030751547
-0.91055798
-1.1792962
0.36904615
-3.4183936
0.9667845
2.4525787
2.0861271
1.6936145
2.6387948
-2.5823433
-0.57758294
-0.37817275
-0.20653498
-0.6306917
-1.6997411
-1.6363257
-0.48383293
-0.57218285
2.1214974
-1.0805921
-0.59340635
2.4300078
-1.6839427
-1.1009021
1.7990508
0.24573155
1.673029
-2.2737141
-2.0419548
-1.2229614
1.811255
-0.94308285
-2.5463755
1.3631943
0.60730139
0.31758739
-1.2318123
-0.71104496
-0.80225812
1.8739552
-2.1026643
-2.8019722
-0.75318892
-1.8462422
-1.4342555
-1.2369095
0.37889572
1.7649636
-1.2269576
0.055124505
-0.13269286
-2.7325454
0.088015133
1.9850688
2.309296
-2.2685814
-2.2874415
0.43977616
-0.69397988
0.29297568
-1.5279968
2.008131
-1.6420496
1.0171149
1.7955834
0.72968485
-1.3619021
-2.332047
-1.0920259
1.9682469
-1.2681213
-1.8852835
0.42209726
-1.7170899
-2.1812739
-1.2836331
-2.6324962
0.49468652
-1.0214993
-0.5038835
0.8918985
-0.7532762
-1.9911171
-1.9753949
-0.61338144
1.587384
-0.68159738
1.4189252
-1.5517849
-1.5069325
1.0300872
-1.7547432
2.3716834
1.1507938
-0.56966121
1.8682913
-1.7310331
-2.182672
-0.23106767
0.91014051
-2.5821213
-0.28068659
0.49619142
1.8870303
0.065149012
-0.19045561
2.0258186
-0.37760897
-0.44524666
-2.2014374
0.22890778
-0.011161874
-0.52913966
-0.71296385
-0.35874688
-1.6747272
-2.1394693
-2.6588571
-1.0928997
-1.622845
-0.78504944
-3.4391599
-0.98018226
-0.29210254
-0.70496092
-1.4500197
-0.63998031
-0.32103981
1.9175635
-0.42199182
-1.4624814
2.459176
0.92142251
-1.5573324
-0.92697703
-2.2392773
-1.3228566
-0.80040648
-1.1761141
-1.4863769
-0.75624678
-0.7797949
-1.1464966
1.8309184
-0.31513671
-1.9072903
-0.30587301
-0.37727573
-1.0318892
1.2953907
-0.13256542
-1.1755508
2.2323468
0.4361804
-1.438244
-1.038254
1.4366989
-0.71084942
-1.0075975
-1.8661144
-0.28037278
-2.7384515
-1.9379176
-0.95417772
0.46082138
1.8127287
-2.6627705
-2.5495292
-0.57228697
-0.35995765
-0.80638529
-1.4729337
0.068965233
1.3564359
-2.8966414
-1.2385635
