1.5836671
-1.089174
-1.1867084
1.9872062
0.031056394
-0.84825523
-1.1836125
-1.2103365
-1.3870018
1.1263049
2.793639
-2.1822281
0.36681811
2.7136502
-1.472475
-0.051500416
0.29572908
1.5562362
-1.0525821
-0.32223842
2.0713336
-2.0753613
-1.8319881
-1.2854068
-0.74174503
1.6963327
1.9786776
-0.39296215
3.7126423
-1.8569721
-0.14873513
-1.4385209
-0.79288848
0.29168796
1.4638954
0.16477911
0.63770193
-1.8556499
-0.54998823
-1.2801297
-1.2940394
0.50379419
-0.77148419
-1.0854483
-1.6872102
-0.21290502
-2.1280678
-1.0271308
-0.47342479
-0.027531967
-1.7488523
-0.11038238
0.053057209
-0.27407325
-2.2240603
1.6604228
-0.52819544
-0.88057714
0.7598421
1.2626081
1.2642335
-0.062890281
-1.2684911
-0.14304868
0.6048649
-1.1282591
-1.6491126
-0.11674502
0.6061532
2.0633059
1.4235943
2.9979209
1.0228822
1.3379995
-1.8028917
0.067682492
-0.067204083
0.072704396
-0.29598008
2.2599006
0.97069482
-1.7563443
-0.11314356
1.1711542
-1.0231609
-0.98890815
1.2594398
-0.95676065
-2.1079127
-1.400655
1.6917689
-2.6734727
-0.54210075
1.9067918
-2.213085
-0.96850497
-1.6899248
-0.77268786
-1.526807
0.49017054
-1.8172994
2.2072922
0.19279748
-0.14964663
-0.70201562
-0.042240709
0.47687537
-0.64910624
-0.78529718
-0.55390926
-0.77787353
-0.32520157
0.036183213
-0.15609619
-0.90854608
-1.5355125
-1.7743746
-0.70445889
-0.078142023
0.10830679
-0.90297013
-0.39187141
-0.48920056
-2.5733826
-0.55165882
-0.80290462
1.4957176
-0.2178167
0.040713931
-0.088515769
-2.8595962
-2.6446794
-1.5822246
0.67145194
-1.0564626
-1.4529732
2.5243535
-0.72447299
-2.4698677
-0.50294685
-1.51175
1.6043014
0.34236237
-1.4553628
0.71873712
-1.5810903
-0.032198586
-0.52659037
2.0953915
-1.5157401
-0.61436016
1.3631821
0.50220969
-0.43706035
-1.5101266
-1.4414592
-1.6444777
2.2454608
1.2354725
-1.4611315
-1.5453817
-2.0099672
0.21308552
-0.22077294
-2.1866975
-0.82802194
0.14514542
0.025510112
-1.8432059
-0.43435044
-0.81419999
2.03419
0.28860164
0.91420213
-0.1342826
-0.31113026
-1.3384544
-0.54082698
-1.4724155
-0.24915855
-1.2769728
-1.4542404
-0.74709847
2.0963371
-0.2075808
-1.0707878
0.60770949
0.14393507
3.376429
-1.387198
0.073212175
-2.0485642
2.0961722
-1.2385811
3.0227418
-1.7790591
-1.7726108
-2.6825492
-0.59200698
0.74738018
0.83724019
-2.0430095
-0.35794436
-1.3790446
-0.99607128
-0.72125041
-0.6738049
-0.10658334
-0.90805151
-0.11056939
-0.082307692
1.0256209
-0.21000902
-0.27196019
0.21258431
1.9350847
0.2214169
-1.2030602
1.2633813
0.96449194
1.6439823
0.78299719
0.4335489
1.8640432
-0.42512942
0.79672213
-0.49828212
-0.61157517
-1.0421312
0.70201684
0.41167742
0.75644624
-1.962042
1.2803769
0.68183645
0.76232622
-0.068770387
-1.2689629
-0.70857235
-1.5293206
-1.5061407
0.81158067
1.2691967
-1.2914702
-0.81292866
-1.987718
2.0939344
-1.7711834
-0.28828342
-0.66623277
-0.16103042
-1.1347752
-0.39954346
-0.73790291
1.0711496
0.061774239
-0.32111563
-1.1628111
-0.050825084
-0.96955085
0.32198431
1.0533144
1.2565854
0.61462557
-1.3328532
-1.6709955
0.056626604
-1.9672487
-0.14059229
1.5342586
-0.16820553
1.6454274
-1.541485
0.30168187
0.37527613
-0.54193164
-1.3742046
0.36647528
0.34412331
-1.2119381
-0.97624833
-0.035627158
0.10530027
0.72942145
0.6595309
-0.7535186
-2.6659585
-0.36320154
-1.5041537
-2.0445381
-1.572906
-0.4175438
0.90583344
-0.64771203
2.4728853
-0.18230905
2.731501
1.5382194
-1.3381309
0.34199176
-1.5689479
-0.18911601
-2.0549899
-0.98240084
-0.84333082
1.7292898
-0.39694147
-0.38109299
-1.0523571
-0.45362619
-0.184476
2.8893353
2.4336547
-1.0470878
-1.85366
0.36292218
-2.561684
-0.63435795
0.38981647
-1.2553238
-0.50891645
0.5063808
0.42971691
0.79104967
1.5027026
-0.76209874
-1.4859767
2.2997897
0.52397919
-1.6934729
-1.6306933
-0.26542909
-1.594993
-0.2556112
1.0655707
-0.17375861
0.19137953
1.0382423
0.53669865
-2.5043384
-1.5762791
-1.2254543
-1.6577983
1.4008529
-1.5700603
-1.3454028
2.7506242
-0.67883543
-1.4578636
-0.058065717
-1.8787541
-0.81029161
1.070934
-2.2635508
-0.76652204
-1.0763451
0.36724667
-0.66422626
0.3040904
-0.2400333
-1.2392418
-2.6158464
1.3703387
-2.2825442
-0.2982758
1.6308942
-1.0723098
-1.0594892
-2.214879
1.2033975
0.55449814
-2.0302759
1.4614864
0.21427135
0.075949955
-0.49865526
-0.61188505
-1.3801908
-1.8520768
-0.060732939
1.2665264
-0.61980154
-0.37555632
0.69768176
-2.6291367
-1.4052763
-1.5304298
-0.96779468
-0.21684347
-0.97575001
-0.010169558
0.11474346
-2.6028178
-1.278678
0.32384837
-1.5235906
-0.95028926
-1.0417193
-0.2580923
-0.25755412
1.3600166
-0.41480604
-0.64169692
-0.36578533
-0.2276523
-0.64417699
-0.36481434
3.306228
0.34457381
-2.2104026
1.5127847
0.31842388
1.8555959
2.5058126
-1.2031359
1.099079
-2.0158967
-0.3954608
0.47637353
-1.2095352
-0.37019225
1.2128061
-0.22511813
0.11227636
1.9355289
-0.5518891
-0.14629395
-1.5215619
-1.3124683
-1.0645883
-1.7004187
-0.41194131
-2.7666631
-0.04963854
0.58828085
-0.0013516166
-0.19235997
0.4659448
2.0636162
-2.1491667
3.241436
2.2198915
-0.19668568
1.2155982
0.67052778
0.56277805
-2.1403492
0.54762263
0.65458267
-0.45194289
0.73672603
1.1162395
-1.402801
0.39176932
1.1208537
-1.0932695
0.27477458
-1.8179732
-0.30993559
1.9258725
0.82611062
-2.1814753
-2.1845523
-2.4733888
0.47362607
1.0240022
-0.20996925
-0.086146747
1.267051
-0.72117222
-0.65194473
0.058937929
-2.5908923
-1.3200257
0.73699656
-0.39754604
-1.8722717
-0.81051004
-1.0127313
1.0747819
-0.94851434
0.041373163
1.243409
1.01343
-1.2120874
1.7071365
-0.75989707
1.0713495
-0.080315981
-1.2324571
0.78824834
-0.97479928
0.246199
0.063244866
1.7412904
0.88353764
-0.64657371
-1.232792
1.0629493
-2.023849
