-1.6023289
2.9749956
-1.0331269
0.27851717
-1.0354664
-1.6194297
-0.88186143
0.42001149
0.2904565
-1.1539165
0.46148084
0.81875847
-0.82744673
-0.14196842
0.33965273
1.4263336
-1.1437443
-2.0599604
1.5138345
-1.3662089
-1.0551059
1.1034169
-0.42676692
1.5551616
-1.1891805
0.0016644369
-1.4887306
-0.71507151
0.71935103
1.2715865
2.7703461
0.15376705
3.0730825
-1.0877212
-1.7365931
1.5938042
-2.0135414
-0.10597551
2.2853116
0.026442969
-0.48376132
-1.3388069
-1.2740724
0.5451826
2.1310345
2.2749105
1.9016185
0.47676709
-0.22948452
-1.1475454
0.61358091
1.9732121
0.39150953
1.2104916
0.032160765
0.68108997
-0.69299013
-1.210935
-0.62790812
-1.5121814
-1.7073347
0.58762401
-1.0126651
2.0558657
-1.4112062
0.81374141
-0.20669038
-0.89683692
2.4751004
-0.15894607
-2.0696553
0.50213005
1.6693704
-1.0373729
-0.41339023
-1.5250693
2.9192334
-0.035140408
-1.0926354
-1.7677418
-2.2290729
-0.2155466
0.37784057
-1.9485665
0.33889666
-0.49548174
-1.8546238
1.3550795
-0.45747917
-0.99533423
2.8805381
1.4067864
-0.73855856
3.0808088
1.6640228
-0.50193467
0.78509628
-1.9524972
0.21929586
-0.24973934
-0.020452364
0.055317644
1.9365881
-0.41291192
0.90299074
-0.41915396
0.78580899
-0.29004646
-0.60434733
-1.3792227
2.8387069
-1.6369091
2.9362136
-0.4519476
-1.3948488
-0.87486046
-0.076403937
-0.42737352
-1.1212108
-0.68898984
2.3750506
-1.7616729
-1.5802324
0.082281928
-1.76702
0.092573506
0.68140478
0.82261424
1.1283387
1.7876218
0.63764627
0.85469087
2.7760103
-0.96233313
1.9901083
-0.23340948
0.11770003
-1.1687443
-0.023146977
-0.98708752
0.16404604
-1.8068106
1.3883886
-1.376661
-1.5494567
1.3134809
0.39637141
1.9389133
0.28760578
0.79164198
-0.080874301
0.62595472
-0.12391368
2.0936428
-0.82470321
1.4315111
-1.9121128
-0.31158113
1.1389883
-1.5878922
-0.12674837
0.44770339
2.4738751
-1.178539
-1.2902021
2.0797739
-1.5167018
0.44382205
0.80843585
-1.5453667
-0.46716575
-1.0638773
2.9929014
1.3253771
1.0086505
-1.013007
-0.31225004
0.79384259
-0.38970526
1.740583
-1.1520143
2.4689046
1.7102383
0.62023183
1.856836
-0.70553668
1.8524043
2.1215924
0.67661057
1.4114946
-1.6837104
1.5314994
0.87561175
-0.09552252
0.67419603
1.6630238
-0.19322534
0.76051729
-0.92044279
1.1383366
2.6976114
-0.25082446
-0.90459672
0.049948681
-0.98418456
1.9533082
-0.93098937
0.44338171
-0.27314754
0.26189793
-1.2921808
-0.17403913
0.51877802
1.6502312
-0.37135337
-0.30834758
2.9135128
1.1982312
0.074775296
1.9393992
-1.8694348
0.64876707
0.30435033
-2.2823154
-0.59740195
0.73522074
1.6109589
-0.27474233
-0.69650939
-1.4186668
3.0685161
2.3884867
1.9662747
-0.076073869
-1.2664513
-1.7918791
0.7408283
-0.06910729
-1.4310066
-0.12536325
2.6014406
0.91376979
-1.2325364
-2.0389402
-0.30318986
0.89715573
0.043598807
0.6723
-1.2359438
1.2287607
-0.49679845
1.4784835
-1.1321181
2.0592141
-1.402611
-1.4886971
1.3518899
1.4872046
1.0498381
-0.099228988
0.66441589
1.2525099
-1.8747901
-1.9747437
0.52811504
0.52860701
2.2773362
0.17134689
1.1861695
0.048577239
2.6331525
0.753209
-0.44376239
-0.21979628
0.63748172
-1.1874176
-0.69968768
0.43352076
-0.1657845
-0.5599901
2.4462938
-0.441062
-1.2480068
0.031523206
-0.93302213
1.3288774
2.2780437
-0.13891697
-0.89045415
1.717708
1.355918
3.6600628
-1.5337644
0.92699122
0.7602369
0.16842359
0.87939653
-0.052667678
2.4525453
2.3467366
-1.1624551
-1.3868958
0.72788389
-1.0922618
-2.024054
0.65585772
2.2785199
-1.3931465
-1.4042446
2.8782559
2.3625806
0.39908916
-0.044090181
1.9533201
0.41442717
-0.019817632
0.77932231
-0.074811522
1.2833417
1.9374922
-0.95729892
-1.2752055
0.058879789
2.6225
-0.19615781
-1.2086682
2.3883361
0.19535827
-1.6300547
0.079799956
-0.44805482
1.127681
-0.47445352
1.8743854
2.2440051
1.6846343
-0.43990247
-1.5360599
1.0855718
1.3293612
2.5738158
-0.99368587
-0.49970557
2.818436
1.5441794
-0.051180464
1.1049668
1.1358527
-0.6341017
1.5071843
0.97286946
1.8759977
0.655457
0.43256222
-0.74797585
0.97076322
2.4598839
-0.57490657
-0.88574496
-0.49813826
-0.42245668
0.82065201
-1.4486864
2.0639738
1.3975362
0.042331235
-0.25423283
1.4068145
1.8456846
1.8346066
-2.2573284
1.4441701
0.52281255
1.1423056
0.8825203
1.1039228
-0.79552508
-1.2517039
-0.099823519
-0.92991272
0.34855706
-0.026688802
2.3795407
-1.1504947
0.52082276
-0.15553349
1.0367843
0.0089981808
-0.29068665
-1.5607599
-0.22746647
0.42859569
0.28270645
-1.2786332
-1.1539125
2.0821224
0.1551247
2.4610458
-0.76903569
-0.64449641
1.2381476
2.0516948
1.5225836
-0.99677243
-0.117556
0.13130037
1.2989676
0.77323888
2.9605824
0.26554211
-1.7115387
-1.2854988
2.035422
-2.0934306
-0.20855213
-2.3887782
-0.54051632
-0.9127284
0.38304187
-0.014031186
-1.4711077
1.2988533
-0.8834702
0.79032971
0.33608855
-1.2648314
-1.0177785
0.15117167
-1.1650859
0.32511001
-0.7960869
0.78012851
0.1607696
0.031853234
-0.39099094
-0.32359381
-0.14040645
2.3665596
-1.8038071
0.69401656
0.021698216
-0.37925667
3.0111297
0.1390325
0.36196262
-0.98790662
2.1123533
-1.1727114
1.2917773
2.2676114
3.5036109
2.230592
2.2647247
1.9516688
-1.2780837
-1.0776586
0.06140541
1.3837915
0.72521377
0.090433787
0.036448267
0.13935549
1.174375
0.20721877
0.50478384
1.2301584
1.5470662
-0.35343171
-1.0305733
2.4025464
1.8723533
-0.7560175
-1.2595391
0.75052468
1.1839113
0.10979086
-0.66189159
2.7164939
1.9027553
0.95833206
-0.93786184
-0.628895
-1.3805102
-1.4097588
-1.5202455
0.44264978
0.024293516
-0.62739587
-1.4868573
-1.2162192
-1.3766177
1.7474508
2.207137
2.8637146
-2.2248798
2.1726764
-0.48734746
0.34853224
-0.61999991
0.14220304
