-0.16594676
-0.3711523
-2.4904655
1.8814214
0.29535148
-2.2718635
-1.9101706
-2.4004083
-1.3026669
-0.84270731
1.7896115
-0.38699772
-0.62287919
2.2235443
-2.8743352
-2.344604
0.58271823
0.26385184
-1.2984889
-0.85403217
-0.96821386
-0.38620087
-0.79572064
-1.6070415
-1.0063339
2.3867881
-0.56896258
-0.60312346
2.2823159
-2.8245618
-2.1962796
-2.383332
-2.39341
0.98750779
-0.38706091
-0.20352762
0.069107591
-3.0056661
-0.97195766
-2.4395193
-2.3152458
-0.68019408
-1.8181899
-0.52178597
-2.0976347
-1.3321206
-3.2654196
-0.062958531
-1.4988696
0.27084987
0.044457027
-1.3975724
-1.4873432
-1.8161144
-0.46501307
1.7008644
-0.49995118
-2.4067623
-0.43460973
-1.5370007
-1.2658453
-0.5837864
-1.5002609
-0.69056256
-0.50515371
-1.7604511
-0.030613211
-0.045015191
-1.0614227
2.1965422
-0.043741438
2.804339
0.55317777
-1.0113421
-2.9552108
-1.8962465
-1.9164008
-0.32543139
-2.0161936
-0.85310914
-1.2083426
0.30451325
0.27052942
-0.8169191
-1.9404064
-1.6456909
-1.2440313
-1.5960211
0.46424906
-2.2179712
-1.2772049
-0.82706822
-1.3224744
-1.6972741
-3.0048718
-0.23789085
-2.6235516
-1.1652046
0.011722333
-0.67564017
-0.88060947
1.9672136
-2.5857926
-0.055667516
-1.0540143
-0.9600635
0.95106187
-1.0522776
-2.2395518
0.0572837
-0.93513372
-2.0668348
-1.6944876
-1.5932307
-1.6149798
-0.96804962
-1.9058182
-0.76297998
-0.18728502
0.25753132
-2.544035
0.27702727
-1.4556034
-0.30859234
-1.2901447
-1.5523465
1.1594364
-2.404883
-1.7530131
-2.049087
-0.39919475
-0.53333872
-2.8042933
0.74968939
-1.4748159
-2.6333098
2.0460583
-1.6106273
0.15564357
-0.26988167
-0.31016406
-0.85606785
-0.98884599
-2.7488721
-0.6981461
-2.5313427
-0.87323155
0.26212867
2.0828297
-1.4617849
-0.88979706
-0.22300777
-1.6843204
-1.360206
-2.3403693
-2.3013159
0.092501243
2.2377186
-0.62261409
-1.6914046
-2.1936495
-0.070441677
-2.4839123
-0.35386987
-0.49314278
-2.6160368
0.19669509
-0.86627871
-2.8766223
-1.3234682
-1.8195486
-0.38030528
-0.61547673
-1.2347952
0.16976356
-1.6656226
-2.4702374
-0.28213725
-2.8143692
-1.380087
-2.646381
-1.1508112
-1.9733406
2.136576
-0.55928596
0.0075515833
-0.44226738
-1.9772523
2.4120134
-2.1962167
-1.2124817
-2.8571985
2.0492193
-2.1293585
1.5923325
-2.20318
-2.5056164
-0.63538203
-1.0090314
-0.21921614
-0.92197396
1.5233973
-1.9223903
-2.327284
-2.4418799
-1.9204305
-2.3069682
-1.4685391
0.49640087
-2.5979485
-0.20273828
-1.4467227
-2.1206407
-1.9491858
-1.5817812
1.7794307
-1.6391304
-0.48589987
-2.3271562
-1.5901216
-0.28775473
1.1921341
0.51844794
-0.20442585
-1.7289777
-0.12644432
-1.1324352
-0.53859414
-2.2313037
-0.90558683
-1.4988948
-0.85379118
-1.3593374
-1.0407776
-0.61349126
-0.23690208
-0.19187775
-0.64818301
-0.76884497
-2.7614587
-2.6797198
0.093465267
0.82228214
-1.2076489
-1.4749406
-1.5213319
2.2905773
-0.30401941
0.010324903
-1.3636397
-1.8499889
-2.2599174
-1.6138753
-1.7916688
-0.10978603
-1.0351152
-1.5837703
-0.95295542
1.4264067
0.86960012
-1.0096334
-1.8154525
-1.0313022
-1.4616805
-3.1789239
-2.8467616
-0.16688729
-2.8590966
-0.39456491
2.1975071
-2.2832908
2.0774053
-2.7517115
-0.81847765
-0.98223954
-0.39177687
-2.6693663
-0.044223331
0.43071597
-2.5137487
-0.69340456
-0.37458368
-0.97924407
-1.826163
-0.10904008
0.040066303
-1.4169648
-0.27777725
-2.1729129
-2.0845909
-2.3765955
-0.9541479
-0.41610242
-0.34885496
1.3447462
-1.8011822
2.7908599
1.7600942
-0.91905441
-0.89046092
-1.6040102
-0.55277559
-2.9921876
-0.2684198
-2.1145034
1.2339302
-1.0488188
-1.5610483
-1.3611988
-1.6579424
-1.5489183
2.5285852
2.7800639
-2.139883
-2.944338
0.37713945
-1.0675898
-2.6994411
1.1718378
-1.9652416
-2.474133
-1.1913464
-2.2861529
-1.5169659
0.24762917
-0.48463557
-0.45094001
2.5164176
-1.7971234
-2.81398
-2.7458155
-1.1499292
-2.9899364
-2.0413837
-1.5025411
-1.3644233
-0.67825541
-0.32814464
-0.5872371
-0.87703565
-2.0249163
-0.79351896
-2.9167637
-1.7046601
-1.9449586
-2.6389946
1.8992945
-2.0897385
-2.5109907
-1.2579608
-3.2349398
-2.0593847
-1.5825725
0.90229724
-1.9858044
-0.90676969
-2.554792
-1.9414361
-1.8370052
-1.3855451
-0.46136085
-0.61683484
0.34158801
-1.7571169
-2.0003614
1.6669284
-0.42008645
-1.7471907
-0.67766447
-0.97077551
-0.91290735
-1.078071
0.93903293
-1.3077018
-0.40939652
-2.0039379
-1.8482809
-2.6447359
-3.0892986
-0.30466794
1.7481448
-1.3414608
-1.8129854
-0.37390202
0.0097001208
-2.7123944
-0.12851384
-1.1253585
-1.7536737
-2.3655366
1.1306304
0.17722788
-0.10528163
-2.5834589
0.14041715
-2.3528175
0.083315947
-2.3207927
-0.72021345
0.060813303
1.0563671
-1.5345547
-1.5120488
-1.3471369
-1.2600675
-0.86530733
-1.0328713
1.5750469
-1.2535743
-2.7915187
-0.93676144
-2.1163964
-2.575121
-0.15807986
-2.3654969
-0.37818325
-2.9865988
-2.3979863
1.0150523
-2.3938218
-0.65533122
0.13939511
-1.6096042
0.27417574
1.6428456
-0.37369023
-1.6779159
-2.6379238
-1.2856291
-1.9855515
-2.7503727
-1.0771561
-2.6309996
-1.9522361
-0.65041985
-1.1879326
-0.64596857
-1.6555438
-0.04908501
-0.85573692
2.4334983
2.8489141
-2.4945817
0.743601
-0.17073768
1.5968702
-1.1477973
0.14402301
-0.55015033
-2.2791913
-2.4114781
-0.49245654
-2.2641326
-0.90583213
-0.14871407
-2.4990962
-1.2168247
-0.67999781
-1.6561741
1.8631599
-2.4975782
-0.58379962
-0.42192341
0.93825474
-1.3611643
-1.7438293
-0.52750129
-1.0133775
-0.20090616
-2.4390657
-1.0934086
-0.7416399
0.7764451
-2.3074137
-0.66974776
-0.3611334
-2.9212628
-1.1564683
-1.1995041
-0.65439827
-2.2612221
-1.531626
-0.19596579
-1.4798911
-1.1671013
1.7797728
-1.0737584
-1.118608
-1.3487567
-2.5764709
1.8058774
-1.5322366
-0.7295781
-1.8666803
0.058755991
0.60739722
-1.5666421
-2.6802945
2.0203322
-1.0097643
