-0.34252281
-2.0334106
-1.5444771
1.9570259
-0.42624005
-1.4851409
-0.97618033
-1.7397543
-0.81151333
-0.31121861
1.8582731
0.21980057
-0.64281305
2.4028258
-2.3232642
-0.049828969
-0.4628648
-0.26386665
-1.0725233
-0.85431103
0.65795944
-0.4461121
-0.89062712
-0.61074265
-1.0143648
2.2061432
0.047239238
-0.76594555
1.4922782
-2.2540002
-0.95233451
-2.1796383
-1.7411275
0.54039193
-1.8884991
-2.1888593
-1.3960933
-2.5360362
-1.3901715
-1.5845083
-1.6348977
-1.0090495
-1.5011238
-2.3322714
-2.0424212
0.1615505
-3.3374852
-1.9647167
-0.45969465
-1.0192505
-0.14605406
-0.54381628
0.30251438
0.16623603
-0.40351328
1.8323612
-0.69944335
-1.4222023
-0.64844733
0.8437258
-0.40637199
-1.245142
-1.0809703
-2.3117402
-1.8178852
-0.56845844
-0.57645846
-0.42470479
-0.93591492
1.8297058
-0.026838984
2.7936448
-1.8870326
-1.6188097
-2.1071927
-1.976771
-1.2918288
-1.0571677
-0.4453752
-1.0937233
-0.029681337
-0.70420746
-2.5802345
-0.21384816
-0.68535764
-0.45031454
-1.2335799
-1.0292574
-0.53700879
-1.6518789
-0.537937
-1.377983
-1.3190733
-0.8014261
-2.9064875
-0.14407805
-2.2028626
-1.171808
-0.27003214
-0.96896989
-0.71257788
2.2778574
-0.56403243
-0.72435785
-1.0808984
-1.2692503
-1.9180274
-0.19659338
-0.46006266
-0.91741177
-0.62239366
-1.7921888
-0.66820802
-1.6511895
-2.6573777
-1.105099
-1.5994124
-1.9237626
-0.70570668
-1.8347002
-1.498146
-0.40686265
-1.3254772
-0.70976305
-0.41756039
-1.7944102
1.5129674
-0.30064323
-0.88282698
-0.61439911
-0.45348116
-0.41085924
-1.5120782
-1.5901617
-1.3118918
-2.1737539
1.6526494
-1.1909418
-0.17765054
-1.064104
-0.72329894
-0.60641173
-2.4547199
-1.9078887
-1.8480479
-2.0312604
-0.45765363
-2.1273695
1.8363239
-1.324332
-1.2895592
-0.85856762
0.24000864
-0.8265677
-2.260226
-0.67685734
-0.81702157
1.7115011
-0.65979973
-1.7737205
-1.6456334
-0.40657101
-0.8016146
-1.3715565
-0.98669906
-0.55433329
-0.32060809
-0.34702799
-2.4007395
-0.56620134
-1.0264728
-2.1578297
-1.717639
0.36915568
-2.2930556
-0.89629943
-1.6658802
-0.52351299
-2.3046619
-1.5253882
-2.1782639
-1.1345298
-0.57612264
1.9730508
-0.32410114
-1.1442154
-2.2025506
-1.2106079
2.1586131
-1.9818312
-0.92576732
-2.4773935
1.4891253
-2.1458872
1.6163421
-2.0489217
-1.6821274
-0.29944264
-0.73459457
-2.8488232
-1.2423465
0.58346694
-1.2714062
-1.9025163
-1.4515471
-1.2960915
-1.3754756
0.47352675
-2.4681318
-0.57229873
-0.29049384
0.20926145
-1.1992163
-1.9018682
-1.251663
1.063394
-2.1002144
0.76371329
-0.27886267
1.0796883
0.042088018
-1.159748
-1.3989149
-1.0168684
-0.97486007
-2.0152596
-0.66699377
-0.83329058
-1.5733319
-0.39782497
-1.2544716
-1.2062188
-1.1572694
-0.88701744
-1.0863149
-0.52446981
-2.4858257
-2.8151587
-0.72003041
-2.3143393
-1.4222859
-0.56680301
0.54284748
-1.889305
-2.392167
-0.25896466
2.3599547
-1.9439845
0.046128414
-2.5805538
-0.7993601
-1.3821419
-0.98964844
-0.56548435
-0.40833954
-1.5613839
-2.7851137
-1.0879107
-2.1250294
1.7231095
-0.92316884
-0.86966111
-0.75852319
-1.0644968
-1.9254144
-2.7656771
1.1532726
-2.774653
-0.94960588
1.6167036
-1.4471932
1.8762809
-2.3216202
-1.1928606
-1.6990911
-1.0338113
-2.0251385
-0.33876924
-2.140538
-2.0867209
-2.2821477
-1.0191115
-1.8006559
0.28519535
-0.56578593
-2.8209482
-1.6985986
-0.80579678
-1.0813062
-1.3849104
-1.2811207
-1.976883
-0.70386619
-2.3866692
1.288059
-0.87628114
2.1435054
1.8906808
-1.972947
-1.164549
-1.4092203
-1.9404417
-2.6649515
-2.0370707
-0.59383279
1.3409139
-2.5739143
-2.0336104
-0.61963127
-1.7543811
-1.0580613
2.1003995
2.5572381
-1.0644552
-2.6448899
-0.69366557
0.031625531
-0.040876456
-1.1633443
-0.40660136
-1.6149207
-1.5559301
-0.87521719
-1.2410563
1.1114108
-0.9227867
-2.2445501
2.3636619
-1.5917418
-2.6254538
-2.4940316
-2.4223827
-2.4374832
-0.94274511
-1.2419732
-2.0710846
-1.1254547
-0.42478886
0.33209716
-1.6884369
-1.7225896
-1.0588114
-2.2162314
-0.84348755
-1.0625467
-2.4532559
1.9139485
-0.16238899
-1.7107781
-1.8408099
-3.0813239
-0.80084103
0.82492723
0.18502892
-1.6427752
0.016403154
0.38763096
-1.3420185
-0.67174888
-1.3657577
-1.5734972
-0.62674517
-1.7692223
-3.0485311
-0.74972448
1.7327191
-0.99638363
-1.4318451
-1.3162066
-0.040747343
-1.4565123
-2.5995648
0.97661741
-1.1329859
-0.92103429
-0.51721005
-0.71011465
-1.7892041
-2.3958915
-0.059663066
1.9732963
-1.1174311
-0.58206981
-0.55795659
-0.30039345
-1.9179518
1.3299348
-2.5796492
-1.3456469
-1.0258933
-1.6300012
-0.30957769
-1.1615612
-2.041995
-0.060816413
-0.36958329
-2.6166089
-1.1789487
-0.33793451
-0.67434676
-1.0450063
-1.6951225
-1.5090019
-0.66058604
-1.7758431
-1.3694175
1.1522659
1.8001885
-0.83258348
-2.7696312
-0.62308167
-1.375137
0.23264969
-0.33120869
-2.0341564
0.020016608
-2.4970787
-1.1913792
-2.3681316
-2.1043082
-0.44560658
-0.89019726
-0.98377749
-2.5266235
2.3108441
-0.91621983
-0.44098537
-2.2521178
-1.2175571
-1.9627555
-1.8388239
-1.5128316
-2.6240448
-0.061305044
-0.78073841
-1.5110526
-0.36516034
-1.64794
0.23551979
0.40007203
2.3076619
2.551022
-0.9682311
1.1597283
-1.8899332
2.1448576
-0.40492121
0.79725082
-0.32395388
-1.5992258
-1.429589
-1.6960906
-3.2452478
-1.7247239
-0.65182438
-1.9555287
-1.1011389
-0.082800953
-0.99364594
1.8022553
0.14505243
-0.78405585
-0.56511079
0.22330212
-1.3500488
-0.70647263
-1.0982404
-2.1552971
-1.1726207
-1.7366441
-0.68268059
-0.22148133
-0.20839604
-1.6513985
-0.64601936
-0.78459536
-2.3310209
-2.665718
-1.611048
-0.37368169
-1.1905933
-0.67338049
-0.29845538
0.97314205
-0.79154129
1.8335306
-1.4014344
-0.033677339
-0.71440131
-1.6192746
1.2202859
-0.41887985
-1.9564388
-2.3573049
-0.89346714
-0.16946348
-1.2296641
-1.8594643
1.44556
-1.1506487
