-0.2315026
2.1000344
1.4042862
-0.027157958
-1.8344046
1.9210099
-2.2859053
-1.9381847
-0.75642115
-2.2862068
0.34673068
-0.27335605
-2.1077353
-0.60696454
2.7524175
0.29366745
-2.114375
0.15099118
0.047100587
-2.3821362
-0.90749479
-1.2668037
-1.045092
-0.76533919
-1.774756
-1.171279
-0.61306092
-2.6951695
0.72600731
1.7602433
0.034280617
1.634942
-0.30914409
-1.5504726
-0.041219232
1.0280925
-0.31167616
2.0097895
1.9339821
2.0622542
1.7778266
-0.60334375
-2.2725583
-0.077009714
0.57890364
-0.76741979
1.9151762
0.2721273
-2.561294
-2.2060723
-0.61728057
0.14640598
-1.0648487
-0.99303239
0.0053589838
0.22526642
-2.4779874
1.8262216
-2.3852401
0.58262319
-0.36348966
-0.77837012
-2.1150656
0.040688932
-1.6045563
-2.0369145
-0.05517557
-2.0255357
-0.006524428
0.41321402
-0.042495292
0.079546382
1.4196598
-0.23462778
1.7285918
-1.424126
0.24587701
0.11293156
-1.3792184
-0.66281852
-1.4270199
-0.68666753
0.14427817
-1.2616456
-1.5352601
-2.987685
-0.34907216
0.40744153
-1.7357407
1.833401
0.51557067
-1.3609372
-1.0066787
1.0721598
1.8380923
-1.7447922
0.92188695
-0.67393893
0.17818455
-2.2241867
0.1786199
-0.011240541
-1.2317162
-2.3566898
-1.4304018
-2.2065254
-0.12995235
1.7466669
-2.4589237
-2.3816437
0.43722599
1.212434
0.37219044
-1.8227571
-0.64497353
-1.688589
-1.9148261
-2.7433761
-1.4845364
-0.39526923
-0.76088553
-1.5789359
-0.22456206
-0.96334812
-1.8190709
-1.0392428
0.66841745
-1.0082579
-0.67184472
-0.94536412
-2.0967581
-1.3387338
0.074980447
-0.86630892
0.51560925
2.6876607
0.15304885
2.1298084
-1.4460093
-1.8495258
-0.28020781
-0.35721648
-0.36471468
2.2505255
-2.080462
1.8041505
-0.79157118
-0.46486938
0.41599679
-1.3300882
-2.2823967
-0.87135862
-0.57389648
0.56346892
1.5251498
-1.9868435
-1.9949246
0.21467737
2.3166467
-0.62498366
-2.1538616
-0.98456176
-0.053507469
-2.5007616
-2.0970914
-0.53366448
-2.0323318
-1.3848838
2.8104988
-2.9402638
-2.4588001
0.52089887
2.2975061
0.17772263
1.0491254
0.87018233
1.9028301
-1.5341836
2.4431479
0.8190023
2.0332809
0.42820526
0.52366436
0.12166404
0.44690728
-2.1939055
2.2707039
-0.45729031
0.36223038
1.6015689
2.0669944
1.3081619
-0.34929795
-1.5078621
-0.28156471
0.10503898
1.8957415
-1.2546052
-2.650263
0.85295935
0.074051857
-1.0194956
1.5389615
2.0932855
1.6632243
-0.22291123
-1.9412677
-0.51231691
-0.13712699
-2.3694403
-1.7505774
0.032938676
-1.8730643
0.96735773
-1.521342
-1.1681788
-0.055039259
-0.010823211
0.14928604
0.16223769
-1.1091768
0.018959602
-1.03695
-0.59646619
0.98952739
1.0964873
-0.11251976
-1.4491856
1.7612975
0.19149654
1.1307541
1.508712
0.0059475482
-1.0436804
0.78010976
-1.2670477
1.6219283
0.42860926
-3.3358697
2.3773674
0.24569105
-1.2443846
-1.2438606
-1.1840774
0.87983656
-0.35919675
0.62156868
-1.8123648
-3.0017552
2.3692352
-2.4255388
1.273156
-2.0563778
-0.66814604
-0.35109966
0.32471001
2.2084837
0.74537024
-0.13087486
-0.038860199
-0.86259422
2.4930729
-0.38285382
0.062401897
-1.0119951
2.8666325
-0.38675541
2.1986858
-1.1050031
0.12544288
0.31171823
-0.38227988
2.4663062
-1.8283839
-1.5528625
-2.6214864
2.4077207
-0.6967287
0.11558684
1.9576834
2.8462642
-1.9949599
0.70151546
0.028405111
-1.6074635
1.0851398
0.15738145
-2.0929481
1.8775075
-0.503667
-1.9025389
2.3933008
-1.4305263
0.15038541
0.5526358
-2.9296875
0.27805417
0.56393348
0.89142044
0.97199121
-1.1933677
-1.0399589
2.2958451
-0.66442689
-2.2044344
0.96625252
2.4031862
-1.3207255
-2.2899
1.3811389
-0.027181253
-0.47749116
-0.91418515
-0.58232186
2.7531332
-2.2017571
-0.026839493
-0.70698907
-0.046104571
-0.87354931
1.0426932
0.78216591
-1.697575
1.2882853
0.077371828
-1.7860114
0.60324766
-0.65281346
-0.42269893
2.3659406
2.4077723
2.4998996
1.9288317
-0.47286094
0.42591691
1.1877307
-2.1570123
-0.30560954
-0.41610908
-0.77361871
0.95590942
-0.67145776
2.4793614
0.9059186
-0.68302831
2.3252343
0.33945502
0.1226824
2.5976206
-0.41366385
1.674207
-0.25654338
0.57324588
-1.4682906
1.614373
0.33828016
-1.0611694
1.6711334
-0.4281215
-1.8246362
-1.8797724
-1.9067982
0.82590824
2.3656437
-0.77223966
0.16203552
-0.54264498
-1.3758
-0.85873296
0.14490605
0.39237498
1.6493656
0.81934614
-0.22425913
-1.2428574
-0.30686736
-2.1829175
2.1469941
1.8817193
-2.7204746
0.67539684
0.046524917
-0.47258522
0.26101958
-1.3469592
1.9344594
-0.23980375
0.37571468
1.5530984
-1.8337385
-1.3647685
-0.7054848
-2.0247259
2.0642921
-1.3424521
-0.05737894
0.10400432
-0.050034297
-2.8670698
-1.8725286
-0.26073055
0.38810256
0.27416267
-0.8782391
0.77950071
-2.4030307
-0.49182624
0.024186446
1.4686459
2.3469565
-0.93219447
0.58467623
-0.10596619
-0.23803888
-1.0527248
-1.2019767
2.5172535
-1.8132531
-0.15680856
2.0842496
-1.3188172
1.2405947
-2.6254815
1.4982351
0.04792169
-2.0726225
-1.16804
2.3755283
-1.704352
-0.55563121
2.3840562
-0.73715866
-1.8940145
-1.07391
-1.1116329
0.23081183
-0.8806954
1.1755246
-0.53643282
-0.75975301
-0.062365086
-0.15513347
-0.32893199
-0.66695563
0.67614653
-0.45195874
-0.26087783
-1.7699496
-0.49409377
0.10600481
0.91910683
-0.2143734
2.2250699
1.2429142
-2.1414966
1.8135667
1.1526348
-0.40363329
-0.67306848
0.045791978
-1.1193226
-1.7101664
-1.2567517
-1.4342105
-0.17570519
-0.45839529
-0.80081504
1.2062478
-0.48239029
-1.1001912
0.5226134
-1.1893204
-1.5660228
1.9531468
-0.98527708
-2.0162011
2.6380445
1.437017
-1.0346065
-1.1534266
1.6487128
-2.1490437
0.43311408
0.24413366
-2.6894043
-0.16918822
-1.8126556
-1.8433299
-1.929352
1.609561
-0.97906665
-1.5202991
1.5551633
0.83926716
-0.53333489
-1.0526436
-1.9528384
-1.48582
-0.83299784
-0.72247949
