1.4231813
0.2832804
-1.0547421
0.22598042
-0.17034075
-1.0789604
-1.4725793
0.46971777
-0.36752187
-0.59913554
0.30565474
-1.3187334
0.67262819
-0.8080274
-0.27292518
0.60678312
0.054242448
2.373686
0.57977272
0.10098359
-0.046918069
-1.1235313
-1.0453633
0.40764002
0.5329956
-0.13579905
1.9915374
-0.48288962
-0.086507676
-0.26337212
2.4982346
0.34204956
2.0727262
-0.25106869
0.92387953
0.61294085
1.0629776
-0.70684058
0.50680698
-0.78432924
0.15508582
1.5069866
-0.68153981
0.71111323
1.2266251
0.32424623
0.18573738
0.37657586
-0.6420344
0.15764193
-0.19787065
1.8911636
0.63427503
0.63965195
-1.0116194
-1.5570009
-0.5672522
-0.80729284
1.2570387
-0.53271995
3.1511466
-1.8430049
-0.46572038
0.49953567
1.1240911
0.085381482
-0.018447515
0.5163449
2.346676
0.92445879
1.9202997
-0.26347283
1.7122739
-1.0224434
-1.4850625
0.96664531
1.9888788
0.2181939
-1.4036369
0.21748487
1.1457631
-1.1312388
0.5721017
1.5905748
-1.7325422
-1.0806553
0.14817116
2.2842745
-0.96584623
-1.2407113
1.8152853
-0.48627824
-0.79347503
2.6101764
-1.4545179
-0.47568664
-0.052914708
0.33485198
-1.1516183
0.90399805
-0.59288472
-0.77353956
0.84372905
0.33053254
0.58038157
0.51877888
-0.055008627
-1.7178062
-0.48584312
-0.22898858
-1.4234954
-0.57681582
1.9575797
0.56380486
0.94389136
-0.52882484
-0.13623005
-0.0745813
-0.21346571
-1.3384633
1.3623049
-1.5974731
1.3899356
-0.53062357
-0.78175293
-0.30781345
1.1716384
-0.45875868
-1.9594838
0.57531648
-0.85319524
-0.95628971
0.90838678
1.9713615
-2.1999815
-0.45430617
-1.1351146
-1.8701296
-1.0193886
-1.2293953
-1.0620903
2.0627558
1.6514715
-1.3915611
0.95833949
-0.087580352
-1.7958562
0.15670179
-0.84345732
0.14030529
0.083707131
-0.36676877
-0.53646422
-0.075593532
0.51973598
-0.59954775
-0.64381545
-0.56875318
2.5919895
-0.0022060459
-1.7835967
0.36585317
0.45051844
0.56777655
-1.3691115
0.28296116
-0.60467159
0.21810637
-0.75400364
-0.42454327
0.3517111
0.25492665
0.3004303
1.3741888
-0.17705108
0.51422913
-0.35781055
-1.2741782
0.076496424
-2.3382103
0.13892641
-2.1133704
-0.17759147
0.86346449
-1.02463
-0.028394877
0.68471634
0.82713287
-1.0142657
0.1894451
-1.4151176
-0.16369943
-0.78787253
0.22520863
-0.40613461
0.57749174
-1.6322836
-1.1611059
-0.036077359
0.45255795
1.2973593
-0.29734187
-1.1644815
0.11993254
-0.78772084
1.7091885
-1.3763478
0.57306986
-0.29112896
0.39960371
0.14835871
0.43884616
1.2607294
1.6312151
-0.0058177816
-0.58895825
2.9370813
-1.1009387
0.27393839
0.592796
1.9532785
0.90518063
-0.020173969
1.3281809
-0.38110829
0.88701366
-2.1691524
0.00080951272
-1.1348841
1.4880315
1.968937
1.7076267
-2.620026
-0.7492107
1.5239763
0.51515665
0.98268492
0.6221159
-0.30697398
0.0038744798
0.24550263
0.022090922
-3.6902449
1.0970596
0.57670658
0.93440791
-0.34561952
-0.60680389
-0.21839149
-0.23737449
-0.54496297
-0.2229632
0.54025899
0.6545768
2.2826988
1.3501159
-0.045989311
-1.8081402
0.72888641
-0.44912731
-2.1093814
0.095867209
1.970119
1.2004937
-0.28787942
-0.35781563
-1.6661067
-0.18292397
-0.67265334
1.2388788
1.9455494
0.36758042
-0.12004921
0.062791558
1.2766903
0.0050045168
-1.0483246
-1.9625354
-0.85832997
0.56126607
-0.092232408
-0.24076784
0.4461407
1.3109622
0.21409972
0.74873429
-1.7976466
0.60458789
-1.8689178
-0.58564583
-1.861326
0.053869646
0.025739713
-0.37536457
-0.77497886
-0.41353299
0.60011592
0.95959547
-0.22936259
-1.4702853
-0.93988277
1.6373349
-0.42903606
-0.3484583
-1.3280411
-0.099092758
0.14219351
0.88753772
-2.3726183
2.4053786
1.3005674
-0.26108791
-1.4482178
1.7277174
-0.17033427
0.53002213
-1.1537627
-1.2214473
0.84768994
-0.3444316
-0.70426011
-0.4401003
0.6353608
1.7618458
-0.72838761
-1.3544668
-0.26779275
-0.077394355
-0.14520549
0.014763691
0.05329443
-0.084414105
0.0087344015
0.36790699
2.2697078
1.075076
-0.39487154
2.3338296
-1.2787763
-0.78922197
1.6809119
0.19472772
-0.60856514
1.9699213
-1.5093163
0.13349009
-0.84305937
-0.67196797
-1.5402575
1.6249244
-0.054225396
0.15303236
0.71602476
-1.1921177
-0.8618849
-2.4033767
0.56069502
0.83412862
0.51170385
-0.89171667
0.57469851
-0.89681983
0.44408585
-0.33966723
0.31710239
-0.81744139
-1.2052495
0.6184828
-0.81130465
1.6438661
1.6779452
0.35816727
1.0767474
-1.4229442
-2.1361935
-0.11912244
0.21117822
-0.6906056
-0.35855772
-0.25056726
0.037285356
1.9214568
2.3036799
1.7472915
-0.18524208
-0.30142223
-0.26457878
0.17633365
-0.46869877
-0.67520862
0.15701482
-1.8397423
-0.1000471
-0.42758214
0.20674641
-0.13550308
0.40956669
0.5371192
-0.62931637
1.2393205
-0.10991942
-1.5718906
1.3140433
-1.2960166
-0.075640227
-0.42118686
-0.72826781
0.19008582
1.6741639
-1.0600595
2.1807777
-0.21173612
1.3326706
1.7931665
-0.030212614
1.2631877
-0.95233839
0.12384567
0.31792386
0.52732708
-0.80738463
1.3481779
0.0053188835
0.77552316
0.012948084
-0.26291904
-0.46282015
-0.099437362
-0.83140119
-2.2737411
-1.5448045
-1.706927
0.3619588
-0.87936088
0.83902459
-1.0101711
-1.8629628
2.2376153
1.7065719
-0.73154558
0.28320995
-1.7704194
2.7421407
-0.27236237
-0.95326303
-0.22272627
-0.61930876
-0.89990939
0.011627804
1.8500348
2.3014082
2.5581863
0.24093152
1.6980876
0.39001934
-0.86975813
0.24059078
-0.82032672
-1.8606866
-0.60256946
0.22402037
-0.80520971
-1.3239776
-0.94079806
1.0560921
-1.4273848
-1.9665055
0.038903539
0.028966907
0.75386248
-1.273269
1.0342499
-1.3577516
0.26406159
-1.7266874
-0.2122449
-1.0691769
1.0818119
-0.29130613
0.42960809
-1.0600387
0.43443407
2.5963529
-1.0099565
-0.34837279
0.10776464
-1.9422174
0.67780985
-0.2567612
-0.92513238
0.67433657
1.1489637
-0.38596862
2.0871758
1.8131055
-0.16360573
0.2090462
-1.3781683
-1.8691021
-1.3264747
