-3.2476191
1.8547797
1.7909898
-0.29075349
-2.1144334
1.4713787
-1.9346082
-1.5526287
-0.33218548
-2.9258351
-0.58814489
-0.25039851
-2.3960385
-2.0022166
2.9723544
-0.56707905
-3.387966
-3.0018715
-0.53661819
-1.4378774
-1.1057537
-0.036902513
-1.2890321
0.68134286
-1.7728503
-0.58573153
-2.45551
-2.5108485
-0.91805504
2.045369
-0.31105997
1.6248696
-0.18419303
-1.4231442
-2.7683886
0.5290892
-2.256965
1.7151398
1.4293378
2.1356287
2.0485693
-2.0100302
-2.2932111
1.2279448
1.1378238
0.79066076
2.0360313
0.97454331
-1.7463832
-2.2518217
0.7193091
-0.90792914
-0.082136235
-0.84116488
-0.42446461
-0.68386339
-2.4653855
1.5374042
-3.3007666
-0.98280481
-2.2768015
-1.0370224
-2.271241
0.18616733
-3.3879513
0.39449878
-0.73496379
-1.1516109
-0.42693547
-1.1416915
-2.4520532
-0.60310504
0.90886207
-1.2152997
2.0467591
-2.4109353
1.8169966
-1.1383044
-0.71706974
-3.218866
-2.3650921
0.30620933
-0.4085046
-3.2491767
-1.0658838
-1.3290115
-3.5902384
0.012458129
-1.6002692
2.1481766
-0.32576392
-0.04166341
-0.48214954
0.38484477
2.8553386
-1.3164932
1.1480468
-3.0300935
1.0790932
-3.8079994
-0.081038671
-1.0433788
-1.4837621
-1.6183704
-2.4368217
-3.1598946
-0.49796302
2.1494655
-1.3819352
-1.8671946
1.8610468
-1.5109642
0.73034528
-2.1562671
-3.3685524
-0.45694079
-1.2242032
-1.3843118
-1.3900799
-2.3270357
-0.75484236
-2.3726325
-2.0017877
0.4730531
-1.9515601
-1.0512211
-1.3922695
-0.25380213
-1.5026085
-0.063655469
-0.51248869
0.33157214
0.93877828
-2.9032997
1.3054726
2.1269835
-1.0778102
2.5993482
-1.4568418
-2.5123646
1.1003917
-2.2451354
-2.0433124
2.1863602
-3.5429253
1.8560375
-1.8259047
0.13245644
-0.032862178
0.1177936
-2.940368
-3.3418651
-0.30234077
0.77306732
1.5840423
0.94009661
-2.0456418
-0.8722567
-0.17762008
0.43706724
-1.6771212
0.37026576
-0.0034694312
-2.1361368
-2.1059039
-0.72571314
-1.7250474
0.54958838
2.4394746
-1.3311099
-1.9005183
-2.5178325
1.2677789
-0.51268716
0.085208991
-1.009603
2.1285627
-2.4862607
2.2884535
0.21565329
1.6944382
0.052428265
0.43985158
-0.22949482
1.1670592
-2.1263631
-0.023802719
-1.4156362
-0.3807268
1.8890888
1.5388674
1.7226899
0.20782749
-2.7693107
-1.311891
-0.24266213
2.1023203
1.0785066
-2.7118862
-0.4700006
0.33565848
-0.83558655
1.8374388
1.8185219
1.6806655
0.40923992
-1.2468357
-2.0991649
-0.54797254
-1.5641438
-2.0018286
-1.4988556
-2.2726676
-0.19484806
-1.7259437
-1.3163244
-1.3775858
1.6402703
-1.9406707
0.86068422
-3.5750678
-1.0531967
-1.3047058
-3.2577244
1.4908613
-0.1443396
-0.71995317
-0.6085655
2.0684914
-1.9851056
0.53077173
1.8856758
-0.15079603
-3.2685362
-2.3757078
-2.8499477
-0.064141193
1.5627613
-2.1458456
2.2070766
1.1351333
-2.5739487
-2.0234734
-2.8987966
-0.36323529
0.080006256
-1.2077106
0.2058155
-2.0018804
1.7272686
-1.4707769
1.1619178
-1.9869082
0.86385763
-2.9148472
-2.8316821
0.28694546
1.1708351
-0.72628264
-1.1975841
-1.0420696
1.2107735
-2.040592
-2.7106624
0.070070914
2.4920882
0.3718963
2.8602237
-1.8771848
-1.4219602
-0.30376022
-0.90687997
1.9192055
-3.2914158
-3.0157721
-2.8829822
2.2689121
-1.8205195
-1.6544571
2.0241069
2.6483585
-1.9549924
-1.3009606
-1.1450602
-2.8921379
0.35023301
1.2961663
-1.002147
1.5882877
0.43593887
-1.4200692
2.2392899
-2.787884
-0.14376907
-1.2049981
-1.1092647
-0.21546514
-1.0007467
0.52061212
-0.0030130534
-0.20037995
-2.6751311
2.273919
-2.0960164
-2.3754521
-1.1444573
1.2733882
-2.7250741
-1.9195151
2.2069353
0.32042074
-0.88385838
-0.95471727
0.29974765
2.7139497
-3.512819
2.0901951
-0.071703447
0.3298868
-0.29971087
-0.77554921
-3.1129029
-1.5952957
1.1632131
-1.1153318
-2.0548453
2.5773048
-0.15700221
-2.3943803
2.4360917
2.6046645
1.7704224
2.1123473
-1.3630707
0.089751267
0.32126696
-2.9175854
-2.7204432
-1.6257911
0.14227935
2.1232666
-0.92686582
2.0371799
1.0242866
-0.085273952
1.9485237
-0.21565548
0.38882816
2.1414639
-3.1033477
2.5501827
-0.87566817
-1.0678292
-0.6892965
1.7409303
1.2053751
0.046186647
1.1691906
-0.87093786
-1.6140309
-1.1700186
-1.5989514
-2.423827
2.6968541
-1.0299297
-0.18699935
-1.0415623
-1.6539437
-0.00086901554
-0.71160978
-2.8413278
0.87287567
-0.93256587
-1.7919606
-1.8963267
0.16010008
-0.66016811
2.33001
2.6929342
-2.5125088
-0.43555267
-0.56726312
-0.36338419
-2.703298
-0.81598634
2.1274185
0.57082535
-0.74825872
1.5649159
-1.665531
-2.2324887
-1.6474103
-0.85691977
2.2786777
-1.9905059
0.77607075
0.37520743
0.99402131
-2.2521991
-0.80293686
-0.66194755
-0.30634908
-0.52065724
-1.4446395
-1.8681619
-1.849161
-0.88165681
-1.2148387
0.87507897
1.8742648
-2.5902095
-1.8260923
-1.0408857
-3.561572
-0.77490747
-3.7288304
2.3058675
-1.8983736
-1.125042
2.1890559
-1.9791288
0.28394539
-2.8684127
0.033799042
-0.84445145
-1.992759
-1.6325838
1.8818334
-0.92941001
-2.2886223
2.0654441
-2.4576334
-1.196841
-0.73123769
-2.7797937
-1.1215296
-2.4580527
0.083768518
-3.3563347
0.96308288
-0.91133125
-0.41773388
-0.51115734
-1.0015465
-1.0215721
-1.8377437
0.41779948
-1.0489525
0.46583594
-0.0025096731
1.2773785
-0.94678497
1.3631683
0.50669848
-3.3051767
1.9043614
0.30394255
1.4645321
-1.7020088
-1.2338682
-1.9712944
-2.0310019
-1.4520978
-0.95837955
-2.2302157
-1.9910088
0.36474775
-0.88233915
-3.0797962
-1.4484273
0.46107373
-1.8453617
-1.4807726
1.5189886
-0.53264117
-1.6309326
2.2324987
1.9029409
-0.32196381
-2.8249763
2.084241
-3.2286707
-1.9340137
-0.52398245
-2.6933276
-0.26156371
-2.3978477
-2.513445
-3.6615873
1.9193914
-1.0562196
-0.14234501
1.0808921
0.6504843
-3.2845362
0.60078915
-2.8437774
-0.9888679
-1.730621
0.66455254
