-2.1542888
2.2757017
-0.46447401
0.66026497
-0.25213574
-1.2670556
-0.65455415
-1.2492546
1.353319
-1.4680463
0.7122674
1.5839206
-1.3903331
-0.35655075
-0.13229369
-0.066109749
-1.3023166
-2.2306982
0.062626594
-0.94146572
-2.1320478
2.2325441
1.3327769
0.68323142
-0.92844376
0.89109615
-1.949652
-0.39094829
0.13042735
-0.069354137
-1.7467691
-0.81841248
-0.88168027
1.1803693
-2.4797351
0.90132668
-1.8881129
-0.70087995
0.75324041
-0.0028984715
-0.35411502
-1.9336299
-1.2852271
0.46044094
0.32440843
0.29911006
-0.41167745
0.90178191
-0.82006688
-0.44598652
2.2431644
-0.48649294
-0.6581744
-0.28018389
1.6372573
0.60447123
-0.15666945
-1.3242294
-1.7571962
-1.3344713
-1.9866649
0.43760935
-0.50440363
-0.028834515
-1.6905354
-0.56330925
1.0866195
-0.24315252
-0.9846372
0.76188195
-2.0378758
1.0187022
1.3636719
-2.0304513
-0.49761093
-1.9274641
-0.24674937
-0.81403359
-1.7644926
-2.3263838
-1.9660413
2.048111
0.29328739
-2.3775765
0.01461091
-0.45344226
-2.7216583
-0.42842969
1.866955
0.037128462
-1.3764366
2.2386789
-0.71003263
-1.5454618
0.32503623
0.32685945
-1.0258545
-1.7739127
2.7003021
-1.6579086
1.2194539
-0.04019107
-1.7666406
-0.13441626
-1.0975879
-1.3074056
0.67847986
0.29299077
-1.4770084
0.056313309
0.33446052
-2.282969
-0.65813758
-1.5486299
-1.4278774
0.29663594
-0.80011981
-0.11058471
-1.1142899
-0.34336825
-0.22959024
0.45096767
-1.7216745
1.8046245
-1.5268334
-0.96509478
-0.28450883
-0.64730868
-1.1560455
-0.56498062
2.253409
2.5064673
1.0174978
-1.3553642
-0.43771835
-0.050195624
0.97970565
-0.21122838
1.7731652
-0.083895166
1.9553484
-2.0436091
-2.3961034
-0.48599598
-1.8886278
-0.052218116
-0.29073718
1.4004809
1.2659542
-0.46150719
-0.83673562
-1.7172937
-0.51149948
-0.069528959
-0.35668402
0.62305797
1.4059387
0.99363313
0.36668545
-0.51020886
-0.16228283
2.2155705
-0.37701706
-0.95168914
1.399302
0.72579187
-0.51067415
0.25730891
0.10697585
-1.2622733
-0.87037448
-2.1018546
0.82987081
-1.130136
0.15955303
-1.5540252
-0.50298388
-0.33010258
-0.57728312
0.18471522
-1.0242878
0.97376894
-0.23779483
1.127882
0.84194403
-0.34168373
0.17097226
-0.38935875
-0.27087308
-0.26528718
-1.206113
-0.32698531
0.43661668
-1.3634509
-0.53634177
-0.31652275
0.41362922
2.6678276
-1.1847362
-0.57765857
0.47430199
2.3870201
-0.76217983
-0.41394584
-0.54516357
-0.58487515
-1.3295746
-0.5495951
0.55494687
-1.8032594
-0.67254218
-1.3874442
-1.4818856
-1.2483104
-1.3939244
-0.16889453
-1.2983055
1.6430683
-1.2803552
-0.70557191
-2.6390772
0.56459119
-0.28036331
-2.4686837
-0.44972883
-0.079996833
-0.61950446
-0.22297843
-0.62445783
-1.8010347
-0.05069549
-0.59546222
1.6669988
-2.3388375
-2.0671678
-1.1744747
0.38292206
0.8182826
-0.45277473
-0.42000817
0.85907267
-0.65716865
-0.40936727
-1.3906852
-0.24890103
0.52908653
1.0090758
0.83424089
-0.03499043
1.3157267
-0.97353411
-0.12264756
-1.5344431
-0.45485249
-2.5962363
-2.4064868
0.12926276
0.73313801
1.7943536
0.90865682
-0.47855667
-0.90987166
-2.3107531
-2.4340383
-1.1109222
-0.009622041
1.1092536
-0.43863326
0.1039732
-0.027057795
-1.4497659
0.4799108
-0.68198358
-1.5799392
-1.7021375
-0.43844932
-0.40171395
-1.2233404
-0.29030289
-0.40197802
1.8704616
-0.77888052
-1.6208366
-1.4153686
-0.94337338
1.1438504
2.511674
-1.0889465
-0.57030135
0.82119911
-0.71370101
1.8213398
-1.3215169
0.65794977
-0.43802578
-1.1998747
0.4540185
0.63998795
1.415727
-1.0294734
-0.16478012
-1.8689607
-0.12135516
-0.44407612
-1.2020447
0.11756722
0.87860669
-1.7311856
-0.42972274
0.50244827
0.048215983
0.98950863
1.2275504
0.3802496
-0.012143372
-1.3113569
2.2423668
0.02511763
1.2400106
0.88483856
-2.2052044
-2.5603752
-1.701098
-0.77932352
-0.045210037
-0.26652511
2.2196887
1.0917771
-1.873981
-0.35594951
-0.41424952
0.71124013
-0.77102465
-0.76028819
-1.1389903
0.045250303
-1.3151316
-2.3114202
-0.6859994
2.3172174
0.75530836
0.53694366
-0.7964608
-0.14258814
0.52626485
-0.9611711
-0.086162718
-0.25171283
0.19730197
-2.4004419
-0.56907273
0.45017825
-0.095179229
1.7345301
-0.25447876
0.50174617
-0.92898791
-0.67276301
-1.9065011
-0.9227974
-0.48513975
1.8451827
-1.7630014
1.6580259
-0.66023385
0.38580423
0.97195823
-1.0468253
2.0661492
-1.0794683
-2.6312104
1.0539573
-0.14405236
-0.86810031
-0.83608556
0.017770446
-1.3578769
-1.0056808
-0.26786175
-0.55549562
1.1703784
-1.0067214
-0.6049706
-1.9594318
2.0401151
-0.63062256
1.4057121
-0.067410108
-0.65197283
-1.699232
0.26409993
0.10966998
1.8520206
-1.1310735
-1.0715515
0.81003149
0.64181033
0.45781021
-0.38355084
0.40403705
0.62826219
-0.80981913
-0.062043697
-0.80077344
-0.94172175
-0.96678731
1.0661999
-0.81149258
0.63409133
-0.3761795
-2.3667787
-2.2635034
-1.604077
-2.9222397
-1.2459313
-2.2882482
-0.059294424
-1.6131489
-0.049256353
-0.24495133
-0.66881979
0.79658847
-1.8791302
0.50711128
1.0787559
0.2355694
-1.6623488
-0.54428249
-0.12794272
-0.14822346
-0.21233355
-0.76682404
-0.09040154
-0.64275151
-1.7774122
-1.7149257
-0.69676421
-0.90792444
-2.5123082
1.7475626
-0.1083207
1.5785786
-0.99681164
-0.42146985
-0.85909994
0.71027481
2.1849506
-0.88849955
-0.50782581
-0.29877645
-0.83455924
-1.0500912
0.96628012
-0.20706562
-1.2390274
-0.46635344
-0.4607343
1.5852459
-0.68778328
0.69150571
-2.0394153
1.4458797
1.8847863
2.2072288
-1.5640641
-1.7615193
-0.21379484
-1.1510727
-1.6818798
-0.81417141
0.032944623
-1.6137626
1.6880387
-0.33895883
-0.53770568
-0.54491057
-0.10193367
1.4638981
0.99783305
-1.3531829
-0.35650636
-1.6523998
-1.6601087
-0.96005549
-1.0277412
0.90318149
-1.0834943
-1.7732197
-2.0401095
-0.79583444
1.1484835
-0.092254772
1.1806634
0.24387373
-2.6316545
1.1515567
-1.4758733
-0.87037158
0.4106335
1.4745211
