-1.9159007
1.9757008
-0.17315421
0.20637906
-0.94742223
-0.93289234
-1.1044557
-1.6723878
0.69720028
-1.8024513
-0.074829471
1.562997
-2.1690918
-1.426672
-0.098938706
-0.076466218
-2.2132616
-1.7675239
0.40727889
-1.235278
-2.8545756
2.0776801
1.2817519
0.41863967
-1.2533836
0.19110158
-2.1925336
-1.2711979
-0.91221612
-0.01116773
-1.6390488
-0.82292286
-0.99033841
1.005236
-2.1087846
0.60894343
-1.7050341
-0.56214025
0.92290846
0.079798535
-0.060977717
-1.7395148
-1.646697
0.61500942
0.6202884
-0.12581628
-0.88807836
1.1005096
-1.7058431
-0.8777173
2.1830968
-0.16954021
-0.7492089
-0.23115664
1.7678611
0.062104765
-1.0135128
-0.9976959
-2.3216485
-0.80396638
-1.8759267
0.034359798
-1.2219805
-0.20693084
-1.4113044
-1.1650746
0.99222834
-0.731866
-1.2706072
0.67016917
-1.4885438
0.20821308
0.98078764
-2.2178753
-0.24030221
-1.4849595
-0.73617412
-1.1150853
-2.2657017
-2.1960391
-2.6842255
1.4921272
0.8350009
-2.7923258
-0.17181394
-1.0027049
-2.2123093
-0.45106366
2.0642494
0.34204031
-1.8965651
2.1060344
-1.2630329
-1.700961
0.16910411
-0.18892404
-1.0013846
-0.72847331
2.6202687
-2.6880923
1.4989359
0.022832361
-2.3400331
-0.65632981
-1.9582696
-2.0294902
0.24066888
0.72467328
-2.5479607
-0.185468
0.12800648
-1.7748554
-0.91854376
-2.2550721
-0.97297317
-0.21819084
-1.3090268
-0.60664939
-1.8757819
-0.49323341
-0.80332726
0.614383
-1.8687717
1.5379532
-0.97139746
-1.8853431
-0.92933269
-1.0650619
-1.6291487
-1.1106624
1.7407063
2.3526869
0.8655248
-1.0790542
-1.0751037
0.040881856
-0.34375748
0.15009852
1.9446988
-0.21408973
1.8768807
-2.1287663
-2.0356497
0.023706754
-1.5006867
-0.200615
-1.1883913
0.78575843
0.42347455
-0.89743173
-2.2410742
-2.7121354
-0.9491151
-0.57043089
-0.58551807
0.0655774
1.4613476
-0.16707277
0.53466215
-0.76736017
-0.84212961
2.1845956
-1.074686
-1.373899
1.8541939
0.087880404
-1.1888805
0.7199021
0.25802282
-1.8998589
-1.7640749
-1.586762
0.55757596
-0.93822468
0.19280292
-1.46089
0.0093002788
-0.54550394
-0.57825446
-0.12258464
-1.1427189
0.39784787
-0.63154596
0.31437619
0.63780175
-1.6064672
0.62439124
-0.80594164
-0.29318632
-0.38699225
-0.83775029
-0.58505988
0.22236441
-1.5471625
-1.8610487
-0.14155598
0.67859769
2.549302
-1.7577883
-0.48903594
0.02767803
2.482197
-0.1712132
-0.61394275
-0.21240108
-0.70121131
-2.5941536
-0.71682692
1.170968
-2.134817
-0.98631062
-1.8157342
-1.9646245
-1.2460687
-2.5688054
-0.80704793
-1.4874432
1.7458453
-1.335692
-1.0040641
-3.1845329
0.45411435
-0.24441744
-2.2344369
-0.16213153
-0.02515731
-0.75052174
-0.51235755
-0.38566411
-1.9847833
-0.029360256
-0.62197292
1.3974415
-2.8065006
-2.2021867
-1.6777958
0.60878941
1.091259
-0.99136426
-0.43472681
0.14174135
-1.3867227
-0.81522379
-1.0082853
0.37045161
1.0262593
0.035797956
0.95256788
-1.0208033
1.5321939
-2.1403764
-0.25187531
-1.9740932
-0.92696913
-2.5911859
-2.5694598
0.31769276
1.1704381
1.3664153
1.1401774
-1.1899714
-1.0335904
-2.3560201
-2.4622492
-2.0985297
-0.037185405
0.52745167
-0.62451364
-0.12823735
-0.27472168
-1.669345
-0.49639166
-0.8226965
-2.6188923
-2.3577796
-1.458288
-0.042935394
-1.5575596
0.19377384
-0.60790299
1.7206614
-1.7731757
-1.5380843
-1.8916804
-1.9151771
1.5240544
2.1984693
-0.90691922
-0.28090193
0.32532769
-1.1332415
1.5369746
-2.4509398
0.31902498
-1.2844609
-1.9674413
-0.22417788
0.30827351
0.93692626
-1.206258
0.33280502
-0.67845848
-0.12396481
-0.021640304
-1.526955
-0.18069314
0.82009743
-1.7204605
-0.66719624
0.17517438
-0.51404649
-0.011499784
-0.041897082
0.66266323
-0.033293341
-2.046621
2.182615
0.41143791
0.70885663
0.51487401
-1.9397627
-2.2795123
-2.3853222
-0.80156569
-0.59526158
-0.064583957
1.9934355
-0.16145454
-1.713067
-0.45308086
-0.40175959
1.0277253
-0.89679773
-1.4772097
-1.3857251
-0.30480687
-2.3931438
-1.9083906
-1.2574746
2.3306489
1.0266507
0.96986173
-0.60433438
-0.47126329
0.51427658
-1.1553164
-0.18350258
-0.54046892
0.46966227
-2.5884588
-0.95702388
-0.12499087
0.099179244
1.4320733
0.3478114
0.38635341
-1.7651616
-0.86160757
-2.3081354
-2.1811723
-0.65297521
1.8999795
-1.8372584
1.9835394
-0.75641744
-0.016884028
1.1353775
-1.5327015
2.0124039
-1.2913161
-2.6292829
1.7712607
-0.2343964
-1.2541661
-1.2467792
-0.55509024
-2.1209706
-0.59835001
-0.24093862
-1.1420628
0.77247751
-0.54828296
-0.71967312
-2.0594071
2.0720767
-0.32500032
1.5553951
-0.23656695
-0.29523294
-2.0219221
0.34182948
-0.51628054
1.827748
-0.85407556
-1.6452156
0.10081219
1.2052139
-0.16780609
-0.78853366
-0.32112675
0.3859964
-0.9814758
-0.088174712
-1.0226578
-0.3771096
-1.4968434
0.16198653
-1.6751979
0.046482779
-0.65415365
-2.5037137
-2.1670165
-1.917752
-2.8719127
-1.8470786
-2.181029
0.094867206
-2.3590513
0.52870831
-0.50031323
-0.24853129
0.7166345
-2.7131689
0.8803985
0.41700884
-0.20725344
-1.81792
-0.64765121
0.11776717
-0.46551925
0.29447149
-1.1532528
-0.13315285
-0.57097563
-2.2930289
-1.6422705
-0.98873266
-0.93444561
-2.5911392
1.6693643
-0.91393595
1.0439289
-1.0586012
-0.19116839
-1.0219361
1.1824702
1.7976605
-1.3329235
-1.5477805
-0.068671083
-1.2402704
-1.3853631
1.08894
0.051066536
-2.0199714
-0.29863734
-0.61536027
1.4683635
-1.2757924
0.023845721
-2.4645209
1.5445396
1.776451
2.4293179
-1.5272784
-2.2561542
-0.77038184
-0.64554442
-2.0537018
-1.1823632
-0.27806363
-1.9610399
1.8256138
-0.24429585
-1.0398788
-0.99846362
0.19007481
1.4373902
0.90180751
-1.9589735
0.099974579
-2.5266874
-1.8603244
-0.067934728
-1.5894431
-0.19596335
-1.4265264
-1.7153749
-2.0837438
-0.53193933
1.114736
-0.98756775
0.95246475
0.08859477
-2.2055555
0.32738838
-2.1247877
-1.4696918
-0.064406584
1.5401232
