2.7132755
-1.0989224
1.6217418
-0.11496178
-0.78842396
2.034132
-0.56150557
-1.7126662
-1.6490347
-1.8306964
-0.51297461
-0.73477381
-2.2280988
0.55391712
0.17825948
0.071972205
-1.9972179
2.9246263
-0.086590522
-0.74307982
-1.2060057
-1.6268583
0.40658989
-1.6490521
-0.11421447
-0.54279153
1.5050059
-1.4981347
0.32490965
-0.93354864
-1.6715909
-0.50242513
-1.4619474
-0.17920707
2.9892397
0.18020305
2.2971706
0.36399919
-1.1700001
0.33905196
0.64754698
2.4339491
-0.64931573
0.013933808
-0.62739543
-1.8133254
-1.2837891
0.037560802
-1.9825008
-1.0064422
-0.8802147
0.26157703
-1.038698
-0.41571134
0.017032872
-0.28215966
-0.48491591
1.5278583
-2.0089633
0.88495462
2.8558959
-1.3999202
-1.5327712
-1.1013802
2.1070777
-2.0686634
0.70739549
-1.5572128
-1.3715699
0.5782358
2.5744757
-0.23356023
0.42774795
-1.4166193
-0.14104045
2.1381936
-2.2832631
0.56838149
-1.5252351
1.5706489
1.3693678
-0.57605976
0.7803256
1.8578056
-1.5561046
-1.9567597
2.6710936
0.60139609
-0.38546674
1.4770408
-1.8677547
-1.238852
-1.2837699
-1.2356021
-0.8452386
-1.5493041
-1.500116
3.0318214
0.1921182
-2.1741095
-0.37343502
0.51131677
-0.55749041
-1.2903764
-1.9067719
-1.8934995
-0.028655271
0.1737756
-3.5248075
-0.15580907
-2.3564167
2.2579442
-2.1780576
-2.1194196
2.4331017
-1.746561
-1.7358314
-2.1163291
-1.5593277
0.21191757
-2.0408622
-0.16673565
2.4335416
-0.57323588
0.79416234
-1.9848609
-0.77714867
-1.164068
-2.0226885
-1.4396733
-1.4562589
-1.4425886
-1.4562157
2.5241126
-2.3629092
0.84712199
-0.20309038
0.7308377
0.56726597
-0.81466173
-1.194311
2.5584078
1.3731157
1.757285
1.4603122
-0.95837678
-1.5902347
-1.110854
-0.18655378
-1.7505753
-2.9696402
-1.6378801
-0.62091451
-1.2141092
0.58028691
-2.2550932
0.63302403
0.022644354
1.3237567
-0.37214785
-1.2130987
-0.78822462
-1.0268108
-1.0342432
0.50321887
-1.9288141
-0.76355501
0.10321466
0.12049669
-1.2643433
-1.399394
1.735557
-0.80367473
-0.76991702
0.47679747
0.77972839
0.38657629
-0.71674291
0.87583892
-1.4147226
1.1887737
-1.6185612
-1.5269828
-0.076831997
-1.3938952
-2.6425098
0.79145891
-1.2123152
1.3028574
-1.4700353
1.1805311
-1.8342326
0.023215892
-0.97292915
0.056122026
-1.17459
0.37434311
-1.5583367
-1.33526
0.89472416
-0.84831624
-0.1207809
2.1181239
-0.072079523
1.8800801
-1.1528858
-2.5758878
-0.26777835
0.81812863
-2.2129845
0.19064106
-0.30646265
-1.805481
-0.7228934
-2.0390639
-0.13966357
-0.63434758
-0.94352605
0.64110857
-1.473334
1.9155369
-0.067342553
0.46683039
2.6704097
1.5112684
0.62508561
-0.92545336
-1.2828441
0.98539761
2.2274373
-0.64246244
-1.1854183
-2.2421713
0.23331823
2.3950734
-1.1864733
1.2230471
0.30693594
-2.0144658
0.32955766
-2.0917122
-1.350334
-1.257357
2.8102416
1.2821342
0.089876996
-0.49224158
-0.73617583
-1.1966338
1.212273
-2.0015993
-1.3733577
-2.4659048
-1.5339542
2.141612
1.9941459
1.1429807
-0.53585963
-0.88851402
0.83405146
-1.0891964
-0.60568583
2.7267732
2.5675432
-2.0789687
0.57163828
-2.4312268
0.11403412
-0.88781378
0.58306887
-1.2117392
-0.42116674
0.42491175
-1.2441907
-1.4986856
-1.244903
1.1648782
-1.2216803
1.0548013
0.80534868
0.042527321
-2.7849435
1.5962219
-0.23699502
-1.7611974
0.73938715
-1.9677006
0.060059333
0.57834144
-1.4184248
-2.4214376
-0.70950428
-0.9048993
-0.74890055
0.65495663
-2.4961266
0.0298362
1.117077
-1.4239105
-2.1642162
0.41893519
3.3089249
0.23265205
0.38616318
0.21041447
0.13854857
0.2662475
1.2603545
-0.88425411
-1.0983484
-0.82057256
-0.30357637
-0.98640779
-0.20641033
0.39986417
-1.8023994
-1.8478051
-0.033212438
-0.15241347
-1.3159635
-0.92951695
1.9605866
-2.8322085
-1.9225306
0.091742596
-0.42415904
-2.00016
-0.32610249
2.2862717
0.52170093
0.43671825
0.98605754
0.85895467
-1.4875887
-0.50832152
0.23740211
-2.2684825
1.8013462
-1.0108488
-1.1124875
-0.87538261
0.33346488
0.3284466
-1.0080847
-2.531386
0.23530774
-0.66724464
-1.8139174
1.1752221
0.065356103
-1.1252493
-1.885953
0.76605481
-1.1073321
1.4811564
-1.7346316
-1.1692205
0.50419215
0.12811893
-2.341852
-0.43559535
-1.0107582
1.488982
0.62622751
-0.58506399
-0.23646131
-0.10359611
-1.1465581
-1.4424621
-0.47391015
2.7187233
0.26959371
0.42250431
-1.1239706
-1.8700655
-1.5731763
-1.7806613
0.59452889
0.13282148
-0.4516269
-0.03652753
1.8008684
-1.1982181
2.2533771
-0.39489154
0.68663822
-0.3053477
-0.23939396
0.79129846
-0.8574724
-0.22728057
-0.62151602
-0.90619854
0.61729941
-0.63451314
-2.2512329
1.5280152
-1.7088161
-0.63437702
-1.8613659
-0.44669108
-1.889405
-0.65741152
-0.34821027
1.1307607
-2.2971026
-1.9161576
0.28975335
-1.5338465
-0.24772405
2.5996138
1.5118645
-0.23896721
2.4947267
-1.5525307
1.260547
1.2822554
-1.0017959
1.3862238
0.46822372
0.15597777
0.65920164
-2.1557881
0.75612439
0.009716628
-0.17931232
-1.8696039
-0.030166073
-0.67649292
-0.56555085
1.2236714
-1.8302448
-0.32866047
-0.82128158
-1.9186018
-0.48288173
-0.1648451
-0.29215497
1.700431
-1.3140493
0.33226493
0.093344964
-1.2586398
-0.068357848
0.36103577
0.57986382
-1.9869774
-0.86160824
-2.84044
0.20636228
-1.3273758
-0.58796609
1.3014126
0.65536292
-1.6119198
1.8134472
0.87135251
-1.8471394
-1.750556
0.040759493
-0.87863708
-0.22513483
-0.77103175
-0.57043653
0.1820471
-1.4585651
-1.7771815
1.4868855
1.5068714
-1.7999987
-2.2800911
-0.84735093
0.39045793
-0.65790502
-1.9689324
-1.2365495
0.60488819
0.65357441
-1.744926
-0.6532088
2.0764646
-2.0414997
2.2803695
0.72154331
-1.1832886
-0.31094199
-1.0850559
-1.6514579
-1.0252647
1.3198315
0.5868932
-2.0936819
0.42833994
-0.074836643
3.464957
-1.2640188
-2.2217305
-1.4753741
-0.30809826
-0.9421168
