0.072144715
-0.27939645
-1.1372132
0.91937901
-0.085312997
-1.939034
-1.2923718
-0.46475785
1.3653774
-1.8907088
1.4684445
-0.5883161
-0.35375889
0.1845001
-0.89945531
1.7752921
-1.0764206
1.0341155
-0.26465796
0.23996258
-0.70603253
1.263402
-1.0130675
2.1087724
0.71377197
0.18091302
1.1409856
0.66046017
-0.033633585
-0.015528417
0.35322939
0.0094401413
0.22685743
1.6324448
-1.8778287
-0.54184343
-0.77675923
-0.59139276
-0.0083455825
-1.7303524
0.039300698
0.1214607
-2.3793992
-0.069847689
0.8351618
1.5360172
-0.49011002
0.04137034
-0.23382111
-0.89014726
1.3675582
0.10766643
2.0843737
1.4930205
-0.027877186
0.052125613
-0.041577539
-1.4093756
0.45648413
1.2885606
1.9243542
-2.2930029
-0.29474139
-1.3405048
-1.3552929
0.47355125
-0.53914491
-0.418821
-0.73217713
1.9705103
1.0606105
1.0446554
0.0015401635
-2.2239474
-0.70615477
-1.017147
0.13387086
-0.86303857
-1.8857618
-1.4084811
1.5576351
1.1010452
-1.0875799
0.97081957
-1.1138578
-0.78023161
-2.0259059
2.4769989
-0.35711978
-1.5654758
-0.39956009
0.20197289
-1.1532028
0.80089142
-1.7444411
-1.3683745
0.042349577
-2.1476608
1.7534829
-1.0653237
0.00041841421
1.2879066
1.9661754
0.15487848
0.78523989
-0.13635933
-1.1840518
-1.35974
0.17173194
-0.17673827
-2.7611837
-2.6935723
0.79104
-1.2460815
-1.9896565
-0.81937504
-1.0101317
-0.91125695
-0.83141315
-2.1860627
1.8108651
-1.4892166
0.026244734
-0.0089356602
-0.55660169
-1.3736857
0.81132876
2.366062
-2.1467604
2.1953916
0.057232319
0.53876301
3.0163919
-2.1991812
-2.4945949
-1.6058146
0.38153962
-1.8813596
-0.40304845
-2.4714492
0.67139788
1.3949945
-0.57650399
-1.7322543
-1.2063557
0.23189906
-2.7653806
-1.0937637
0.209764
-0.4234643
-0.5319428
-1.4087716
1.3026364
1.3365897
-0.25959313
1.8044467
0.49080435
0.91052059
1.282618
-0.30481518
-1.7571398
1.3858237
3.4492956
-0.51503805
-1.2196301
2.0875264
-0.3230282
1.7377294
-0.67299933
-0.24089601
0.42185174
-2.2947684
-2.1261906
0.32057101
-1.7090676
-0.2347759
-0.3788073
-1.0270628
-1.244955
-2.7195018
-1.1526322
-2.1982202
1.7787876
1.5124208
-2.1393443
-1.7089263
-2.1092144
1.68777
0.82218767
0.5757065
-2.5899004
0.27634453
0.028874769
-0.83389824
1.0093055
0.56087718
-1.4421683
0.92741338
0.044234601
-2.1779128
0.18519498
-0.029532711
-1.701328
-0.063844745
-1.3134509
0.21753376
-0.54766118
1.7743961
-0.64791142
0.32067438
0.44940467
0.66610639
0.46050905
-0.97331597
-0.93031168
-0.24249315
-0.84737503
1.0688577
1.5634475
1.5853232
1.3825723
-0.36754725
-1.3346651
-0.96222257
-0.43382732
-0.93938148
-1.8898603
0.46081181
-1.5926484
0.037160018
1.2846378
-0.25453701
-1.148405
-2.1110159
-0.78803875
0.38984991
-0.87181088
-1.0335584
-1.092112
-0.56941452
1.7906831
-0.28287836
-3.3211236
-0.90383786
-0.47414674
0.77995624
0.87857513
-0.40758736
-0.79425136
-1.2715338
-0.76576048
0.44312482
-0.24733348
1.90565
0.43794927
-1.2047187
-2.2255123
-2.2347042
-1.1160909
0.98176961
-2.1749228
1.4158347
0.68981418
-0.71065712
-1.1051285
-1.5470236
-1.3797811
-1.8430255
-0.97790079
1.4236013
0.040650588
1.2245709
-0.76834131
-2.3997724
-1.422243
0.022445145
-1.8439519
-2.9211491
-1.6768698
-0.29595887
-2.578665
-2.3047896
-1.9267215
2.1145226
0.35020995
-0.69857591
0.22075412
-0.11086293
-1.2162608
0.86622645
-1.1909138
-1.2396629
-0.13850898
-1.777948
0.7190403
0.045911865
1.1644431
1.9209906
-1.8427935
-1.8020064
-0.70067684
-1.6587259
-1.0664247
-1.0395864
-2.1715355
1.9332436
-1.7210152
-2.2311654
-2.8272878
0.93765714
-0.28637886
0.48254184
-0.46558364
2.3960003
-0.64557618
-1.6146726
0.69495703
1.8046114
-1.025795
1.4326021
-1.2832652
-2.1718113
0.53950598
-0.43798132
0.69830494
-1.4662424
0.045515457
0.74289254
-2.1284377
-1.5351954
-0.78809119
-1.9465012
-1.7142868
1.7273153
-0.15908876
-0.87870027
-0.75650464
0.47108343
-1.402845
1.2895975
1.1593773
-0.023198902
-1.1203159
-0.053285379
-1.2966971
-1.672329
-0.084739426
0.63435673
-1.5122207
-1.0632551
-0.46057388
2.3223383
1.5510909
-1.1226931
-1.1627279
-2.3430003
2.4131252
0.057008812
-0.25793181
-1.6389535
0.25308935
-0.56582453
-1.3050789
-1.0706404
2.1634139
0.33755275
-0.436339
1.3095931
0.68454905
0.11060698
-0.5242741
-1.0926809
1.0047868
-2.3537612
-2.4302648
2.4470726
-0.48834128
-0.95248319
-1.4470417
0.86134443
2.206843
-0.15342105
-0.16133057
0.29588484
0.25875354
-1.2402353
1.0263907
-0.79832193
-1.0222155
-1.2778714
-1.0517462
-1.2894626
0.59255219
-1.0142823
-0.29145136
1.488296
-1.2171132
1.653898
0.73803002
0.038094204
-1.6099613
-2.7163458
0.17562058
-0.70060174
-1.6431787
-0.34580463
1.2072766
1.0559204
-0.01113963
-1.0716862
1.0764362
-1.6410947
1.5747545
0.8042311
-1.1495043
0.83811387
-1.7833739
-1.3447784
-1.0619682
-0.36131906
-0.40161807
0.61551079
-1.0366419
-0.71841069
1.851712
-1.289576
-0.59869425
-0.53107561
-1.0887562
-1.8875777
-1.7594993
-1.779771
1.2249842
1.3878879
-1.2461186
-1.9041732
-2.0054327
0.39741159
0.4731992
1.0510665
1.0321687
-0.27562752
0.88327873
0.93016206
-2.7800452
1.535008
0.40770606
-1.5360382
-1.2122636
1.9798549
1.2941496
-0.92381212
-1.0790803
-0.67315835
0.2246613
-2.3384114
-0.81789568
0.87914847
-2.6264778
0.78176076
1.2758104
-0.71152516
-0.004124082
-0.25992315
-1.968591
-1.2826242
-2.8449131
-2.2586036
-2.9287288
1.4894733
-2.0602891
0.21638628
-0.798696
0.44935717
-2.0576556
-0.13356583
-1.3676504
-0.41388793
1.1033231
-0.040407027
-1.5318533
0.23328695
1.6239029
1.7087362
-1.0344875
0.75999542
-1.9774565
0.43399266
-1.550231
-1.3718711
2.1248202
2.2400549
-1.3926008
-1.0864768
-0.32106185
-0.36303764
-0.72935063
-1.700591
-0.82704862
0.1470788
