0.42457237
2.6898934
-0.29873276
0.64910297
-1.9016584
-0.36236948
-1.6247568
-0.44762873
-0.41420761
-1.3767503
1.1143425
-0.046207874
-1.3631755
-0.022380102
0.14902154
0.77182779
-1.2054233
0.8416499
0.916296
-1.7580401
-1.4603796
-0.29361291
-0.95132417
-0.2754695
-1.4755069
0.036504531
-0.0094739002
-1.8965943
1.665642
-0.0080917823
0.29596898
-0.1414656
-0.039014669
-1.1725103
0.68167937
2.5323127
0.482503
-0.40836881
2.28894
-0.53677899
0.42934856
0.6452791
-2.0960491
1.5548104
0.78571419
-0.46584525
0.071251683
1.2826825
-1.8726919
-2.2151453
0.0034724797
0.87284356
-1.4189846
-0.2963287
0.804736
0.19791443
-2.3122908
0.035672237
-1.455563
-0.68628383
0.34631196
1.4182592
-0.98857942
1.8195479
-0.41238518
-1.5844281
-0.10316436
-1.5209055
0.26879019
1.3812148
0.70755685
0.84962214
2.3254482
0.17292434
-0.54224462
-0.508751
0.19602418
1.2260978
-1.5580029
0.041741579
-1.2762858
-0.21494145
2.3995367
-0.72038639
-0.71734359
-1.9599693
0.30076184
-0.071796763
-1.0310538
-0.2096817
0.85312294
-0.23172423
-0.84758691
0.95813009
-0.76533901
-1.8180649
-0.38273689
-0.21392225
0.16430777
-0.81003978
0.048602538
0.57049207
-0.44836148
-1.9874359
-0.62974378
-0.99811882
1.4904546
0.47223542
-1.576797
-1.9182465
0.65023253
0.48482956
-0.1903712
-0.76518513
0.78746102
-1.4524058
-1.6240622
-1.4799722
-1.3125512
1.4077664
0.8250865
-1.1508139
0.21235482
-0.56316956
-1.6485478
-0.85057171
0.9656011
-0.34872631
0.45379056
-0.0070616958
-1.0334553
-0.33925654
1.6366732
0.82799482
0.45571619
-0.083177278
0.83610266
0.16883349
-0.90237661
-1.7001005
0.14613245
0.058789197
0.70141352
0.27452872
0.032932127
0.085365578
0.12582614
1.7974688
0.75658937
0.21701207
-0.94862413
0.61731024
-0.75301678
0.67737441
-0.27661125
-0.30828331
-0.85179963
0.37671259
2.6618692
-1.3875283
-1.8036915
-0.19859235
1.1615891
-1.8996322
-0.64124265
0.91238255
-1.6405451
-0.1813593
0.056978283
-2.1139454
-1.5402737
1.1903753
2.7132047
0.58593968
1.9974222
0.38144627
0.56920866
-0.35949458
0.00065804231
1.1207874
-0.21102797
0.97354659
-0.2982058
0.99130151
0.30978297
-1.0503065
3.1316606
1.3406251
0.77820076
0.1560276
-0.14706616
-0.19456258
0.80274937
-0.78060201
0.56901813
0.61805139
-0.66892598
-0.46803097
-1.8370673
3.2143397
1.7088703
0.047194488
-0.15818723
0.01887303
-0.28229996
0.24811542
-0.9099173
0.00090530848
1.8783133
-1.291634
-1.5862883
-0.49966136
-0.95291091
0.6093249
-0.97651433
1.007974
0.99813218
-0.79412978
-0.45527071
-0.32594686
-0.21363974
1.5125613
1.4519735
0.8185237
-0.098079685
2.3010973
-0.23236479
-1.153655
-0.0057306536
0.5118202
1.9962061
0.76738412
0.6201888
0.56320806
0.77469537
-0.60813828
2.6155218
1.7975722
-2.0230095
-0.20040279
1.2743204
-0.044993362
-0.22344192
-0.2053727
1.8615832
0.25732285
1.5440244
0.6802194
-2.3303862
1.9658431
-1.7837068
0.27055986
-1.558623
-0.092342698
0.43877121
0.54617028
2.0982668
-0.0595285
1.7297192
0.21727314
0.58556528
0.62541816
0.1158791
0.2755236
-0.67656179
0.013483468
0.53959456
-0.5755791
0.71485222
0.88991169
0.84680935
0.64276469
-0.263848
-0.28835937
-0.25958261
-2.2203433
0.1557889
0.15789741
2.0284671
0.0077545283
2.4547441
-1.2541554
0.71258829
-0.76465894
-1.1108142
2.4516509
-0.16712425
-1.9087141
-0.39084144
0.0037395093
-1.3507428
2.6833334
-0.79892582
1.3080256
0.79340075
-2.0626751
1.4735046
0.88852486
2.1968815
0.23647449
-0.89266667
0.34347734
-0.11452541
0.98028949
-1.5520215
1.8384547
2.7548255
-0.071466761
-2.0672392
0.93640003
0.82203919
0.68565194
0.54681045
0.39647589
-0.33130993
-0.30406917
-0.84666914
-0.62252883
1.4922267
0.79025227
-0.15740876
0.76415276
-1.4980865
0.70641434
0.028143004
-1.376373
1.4401088
0.59337551
0.10868518
-0.19828276
-0.15559746
1.7196915
-0.13230622
0.065510507
0.44015802
1.4676082
-1.3226305
0.63483235
0.35689233
0.23804006
1.3945778
-0.75100321
-0.16007181
1.1764922
0.038270692
-0.47335071
0.52777964
-0.64429256
0.21348574
0.5182362
-0.45739847
1.0116726
1.7056999
-0.33483729
-0.1120505
-0.10676262
-0.55861797
0.011395164
-1.1298433
-0.97558468
-1.7514694
-0.92772254
1.5217087
2.5975363
-0.024589119
0.21890169
0.1313868
0.54188733
-0.0053987305
0.085479431
0.62917513
2.4038096
1.0120618
0.65282496
0.44984175
-0.0022956072
-2.0284435
0.13635818
0.01628272
-1.7707681
0.87480935
0.27392481
-0.04099079
0.33977082
-0.23103277
0.34909178
-0.014869072
1.2868704
0.13052571
-1.6543651
1.3612872
1.156362
-0.4488024
0.10513872
-0.83019838
0.44427799
2.1021122
0.73141584
-2.1241982
-0.8385095
2.0015625
0.41550473
0.97599519
-0.41170411
1.3008415
-1.446724
0.41364925
0.99244493
2.1296806
-0.37923785
-0.16293199
0.52651439
-0.079096937
0.51783438
-0.82794839
-0.43234827
-0.11853084
-1.5888705
1.8830239
0.10381162
-0.71211366
2.0862601
-1.0206008
2.8100169
0.45027535
-1.0808509
-0.59972258
-0.063585309
-1.8406053
-0.038071532
0.15753982
0.72496828
-0.94971899
-1.3710358
-0.51304433
0.16778285
0.18813136
1.5167189
0.76590723
-0.36170245
0.93698255
0.1837611
0.093670943
0.097629283
1.9612307
0.23416956
0.2781091
-1.1370457
0.38629212
1.4843987
0.79705789
1.2831981
2.3434357
1.5944153
-1.0613514
-0.055941254
0.86412133
-0.42879709
0.3824969
0.35357728
-0.99794686
-0.63713158
0.12420133
-1.1759411
0.28208533
0.41032628
-0.066874594
2.4105489
0.29756826
0.43746296
0.57968805
-1.0043637
-1.2022169
0.23348573
0.24367765
-2.4591101
0.077970272
2.1162923
-0.14207186
-0.16774879
-0.16593958
-1.1970075
0.38542162
-0.45290421
-2.0142213
0.9121919
-0.37709305
-1.4899249
-0.46458582
-0.022819123
0.35466337
-0.16201971
2.8061879
1.7010044
0.57374544
1.0294342
-1.3574463
-1.1757466
0.33691655
0.45202265
