0.38359065
2.907356
0.14347265
-0.69014496
-2.0737476
-0.025205673
-1.9462044
-1.1159629
0.0030560553
-2.1887287
-0.15729058
-0.045577962
-2.0725398
-0.94825031
0.96259898
1.2146823
-2.0066635
0.42905496
1.6307692
-1.9302142
-2.3747186
-0.034890547
-0.79596977
1.0794146
-1.8704101
-1.2141109
-0.91502117
-2.2785604
-0.1823246
0.91935681
2.6917279
0.41495635
2.2074865
-0.96107017
0.52122762
1.4520596
0.39764252
0.20129061
2.8847276
1.0308473
0.14911321
0.24480258
-1.9883885
1.568545
2.5755394
1.4720421
1.0712098
0.9925408
-2.4943705
-2.1314174
1.4901819
1.9977545
0.18886605
0.52058798
0.12048058
-0.23251359
-2.4115973
0.2409616
-2.4337172
-0.95701557
0.63276193
0.14180789
-1.1494152
1.4245951
0.48384835
-0.66623328
0.070889255
-1.1929896
1.8238697
0.45641317
-0.036941925
-0.7975125
1.9355233
-1.683059
0.051290567
-0.46627111
2.1571467
0.25549355
-1.9488991
-0.75359
-2.672388
-0.92824934
1.6618
-1.4326894
-0.13597866
-2.1544285
0.41618611
1.6878176
-1.1060401
0.57535032
1.8171681
0.93008179
-1.3783077
1.3135389
0.44456964
-1.5124676
0.15796987
0.80471735
-0.082657665
-2.0014552
-0.42709134
-0.27355972
0.98073839
-2.0212446
-0.95637829
-1.714234
0.89248486
0.84658596
-2.816709
-1.4461078
1.773916
0.29477971
2.3652713
-1.6970891
0.40738385
-1.5582634
-1.384394
-1.7916785
-1.7019085
-0.22108993
1.1550422
-1.7644146
-0.028392204
-0.29100882
-2.369928
-1.6358272
-0.16502899
-0.25942533
0.99825439
0.65502604
-0.25252444
0.23661056
1.9729179
1.2892158
1.4188674
1.0912754
-1.4259505
0.52618802
-0.6328055
-1.057346
0.39560466
-0.13014016
2.2859856
0.33305976
0.03273025
0.62673836
0.28089728
1.1097359
-0.49008711
-0.24790335
-2.0168256
-0.91024342
-0.67701748
0.38638832
0.050039818
-0.10451012
-1.365351
-1.7204128
2.4164125
-1.1116414
-1.3883572
0.53149235
1.0881169
-1.8445833
-0.50404582
0.90915327
-1.8010564
1.0649287
0.86725724
-2.4282476
-2.0608891
0.77573057
2.9302032
1.346367
1.0347119
-0.27773559
0.26793291
0.095279842
0.91417211
1.2053753
0.25446151
1.5094212
0.69553547
-0.23550368
1.6838373
-1.9709622
3.1696822
0.84538993
0.37473371
0.54031513
0.014539598
0.58874599
0.50328238
-0.91909114
-0.9479454
1.2515947
0.77191127
0.72698351
-2.1743792
2.5700647
2.1249553
-0.7338699
0.1711065
0.55043256
0.36637494
1.9896808
-2.4161438
0.51902284
1.4037368
-1.4598472
-1.6205965
0.092532603
-1.4727354
1.6802906
-1.8064323
-1.5578201
2.5088739
1.2145029
-0.18124018
1.2340657
-1.7184934
1.1334135
0.45550534
-0.03657471
0.23880529
1.1144753
1.1372033
-1.0261915
0.38351181
-0.38572173
2.5638982
2.1813603
0.75268129
0.36777807
0.08011052
-1.7383623
1.9656834
1.3354135
-2.6534888
0.59321222
1.1410539
-0.86135778
-1.568953
-0.4643646
1.2312179
1.704974
-0.48139059
1.2239025
-2.4883347
2.0579942
-1.9273004
0.7481157
-2.1199422
0.97608772
0.26321896
-0.042030275
2.546884
2.357062
0.99237644
-0.38494618
0.35147751
1.3792924
-0.26374602
-0.51793168
-1.5855565
1.0478906
0.44114022
0.45480298
0.34331491
-0.074261731
2.6287234
-1.3612496
0.38370071
-0.98457124
-0.28112791
-2.4361633
0.77112534
-0.11746682
0.87125222
0.53250253
2.8812509
-2.0591967
0.27386774
0.35224927
-2.0975132
2.7308544
1.6923692
-0.99619004
0.34071723
0.21188536
-0.57216843
3.1301805
-2.3962863
1.1014412
-0.021049698
-2.3521966
-0.23605643
0.48385409
2.6162642
1.8824235
-0.35496828
1.1329866
0.75278451
0.35546384
-1.9780694
1.164099
2.8547713
-0.04817468
-2.0295979
3.2953309
1.2426916
-1.446908
-1.9325287
1.7693684
0.92872187
-1.171876
0.81713713
-0.60685989
1.5904005
0.9627203
-0.78985342
0.54361394
-2.1122984
2.2085076
-1.046311
-1.5764731
2.7956009
-1.2419571
0.070767745
0.95016407
0.61637928
2.2216914
0.50020918
0.92244195
2.1336052
1.8460162
-2.1658234
0.46671923
0.69691966
0.52836237
3.0794481
-0.55620429
0.47634091
2.5668544
0.77140263
0.3102789
0.28255838
0.35419107
0.9555951
1.325504
0.66127757
0.49502421
0.55659084
-0.33819078
0.1370297
0.11681535
0.69192756
0.44408638
-1.7960319
-1.8711268
-1.2399487
-0.5606778
0.21739567
3.0204598
1.0445453
-0.31433467
-0.26982963
1.1925727
1.3555236
1.5813349
0.15717237
3.5438127
0.8726728
0.82168087
-0.00060550594
0.058195187
-2.4338893
0.2828669
0.61133305
-2.3728675
0.66344023
1.4266993
2.1649395
0.49494673
0.071753158
0.73624486
0.79770691
1.0838973
0.4109085
-1.9675039
0.34306621
0.32274217
0.058975238
0.13868785
-1.5147926
0.97340116
1.5055203
1.8777978
-2.6156006
-1.2932866
0.38218779
1.4544031
2.196503
-0.74375943
1.0228627
-1.6456944
-0.61560124
-0.35866136
1.9189994
0.77281776
-0.86154438
0.049650297
1.2854557
-0.72106678
-1.4145894
-1.9902435
0.98718413
-1.5232559
1.5441179
0.80312074
-1.6926366
1.5000574
-1.9365316
2.2209044
-0.36518602
-1.7246371
-1.8263794
0.40855134
-0.93071175
-0.35893057
0.71065499
0.009516367
-0.46520088
-0.73600689
-1.1146866
0.12347183
-0.52450595
2.3658423
-0.87285286
0.92101488
-1.2890138
-1.1864918
2.6229499
0.77916231
1.4749919
-0.99822859
0.74835388
-1.4009748
-0.5130821
2.4614539
1.5573774
1.9473128
2.3322917
2.5968147
-2.4330515
0.61715013
0.88222707
0.75139676
0.24007343
-0.73354431
-1.3411768
-0.48195252
-0.1682837
-0.99365389
1.2941573
0.8287032
0.24973062
1.7310199
0.27522402
1.1560883
1.5329579
-1.5804538
-1.7150036
0.33966771
0.051179525
-2.0711828
0.3390409
2.6051471
1.4572998
-0.97549434
0.37863948
-2.6901667
0.54100995
-1.0190132
-2.5943679
-0.78138203
-0.45674854
-1.8666137
-1.9304911
0.21964713
-1.138186
0.26492816
2.5712234
2.7597588
0.35389044
1.0457765
-1.9735616
-1.0684795
-1.4616876
1.1183705
