  -1.3259139e+00
  -1.9632914e+00
  -2.0909234e+00
  -1.2486893e+00
  -2.6876539e+00
  -1.9850497e+00
   1.4618704e+00
  -5.0978942e-01
  -7.8328352e-01
  -6.4366146e-01
   1.1542355e+00
  -8.6158149e-01
  -2.2431053e+00
  -1.4427194e+00
  -1.9555185e+00
  -1.8565414e+00
   2.2359916e+00
  -2.0192474e+00
  -1.7240133e+00
  -1.0192277e+00
   2.0711169e+00
   2.4246779e+00
   1.3148984e+00
  -1.0289644e+00
  -1.0018390e+00
   3.6134735e-01
   2.9524376e+00
   1.9745698e+00
   1.8271218e+00
  -1.6840116e+00
  -4.9953783e-01
  -1.5203189e+00
  -3.3971591e+00
  -2.2884130e+00
  -1.5485363e+00
   1.8788166e+00
   2.7869791e+00
  -8.3343156e-01
  -2.1413467e+00
  -8.9634198e-02
  -1.2559341e-01
  -1.8947933e+00
   2.0903411e+00
   1.8185182e+00
  -1.0509705e+00
   1.2480649e+00
   8.1498765e-01
  -9.0692275e-01
  -1.2190403e+00
   1.4270418e+00
  -1.9747340e+00
  -2.3266914e+00
  -5.4473749e-01
  -2.8188870e+00
   2.8176859e+00
  -2.7598896e-01
   3.7199658e-01
  -2.0871145e+00
  -1.6330732e+00
  -9.2258761e-02
   1.6206095e+00
   1.9659669e+00
  -1.0745038e+00
   2.2277451e+00
   1.3547715e+00
  -6.9663525e-01
   2.1927987e+00
  -1.8733223e+00
   2.2651681e+00
  -4.4133881e-01
  -1.3349254e+00
  -1.1422168e+00
  -1.1022158e+00
  -1.1847964e+00
   1.2495116e+00
   1.8311296e+00
  -9.1588354e-01
   8.5477676e-03
   2.3656617e-01
   7.3385301e-02
  -2.4266570e+00
   9.0085879e-01
   1.0656837e+00
   1.6946913e+00
   3.0294542e+00
  -2.1090245e+00
   9.1989564e-01
  -3.8225922e-01
  -1.7343757e+00
   4.2918141e-01
  -1.9066486e+00
  -1.8532910e+00
  -3.4901184e-01
  -1.0525442e+00
  -1.4483256e+00
   1.6329803e+00
  -9.6147741e-01
   1.5990240e+00
  -9.2883606e-01
   7.8140932e-01
