-2.3381591
-3.1879046
-2.4536648
-2.2862826
-1.5018777
-2.9295909
-1.3854898
1.6014099
-1.9881522
1.3314204
-1.7037754
-1.9829763
1.414861
-1.7877531
-2.7191364
-1.5988482
1.4584594
-2.5776225
-1.8317908
-2.6347596
1.2422621
-2.7817013
-1.900046
-2.8940804
-1.2038859
-1.6302832
-1.2796625
-2.4092619
-2.1979384
-2.5171801
-2.0603794
-1.3011246
-2.4533201
-2.8947687
-2.5001893
-1.9396317
-2.7816367
-2.4432772
-3.3572561
-3.0842075
-1.5963128
-2.8653827
-1.4222352
-3.2488387
-2.959044
-2.8649878
-2.0177021
-2.8260163
-1.2712233
-1.2019692
-2.5961661
-2.0835888
-2.0872123
-1.6471773
-2.3945587
-2.4424281
-2.8398674
-2.7673157
1.7805393
-0.94929868
-2.6379472
-2.0558083
1.0266781
-1.5865856
-1.5762086
-1.182021
-2.1938317
-1.0538263
-2.2523185
-2.9380732
-2.2546387
-1.8468997
-2.2968912
1.4808
-2.4643272
-1.8281754
-2.3948193
-1.6505086
1.3847696
-1.743732
-1.1317953
-1.4183393
-2.5322068
-1.8464408
-1.8674926
-2.2846337
-2.3435729
-2.6712594
-2.743449
-3.0059754
-1.8525475
-2.7766246
0.60483373
-0.82874359
-3.2075734
-1.026993
-0.56839154
-2.9804406
-2.5432457
2.5593975
-2.1732584
-2.65115
-2.9934076
-2.6432031
1.3171603
1.5578282
-1.787582
-2.6051231
2.2056868
-2.1984991
-2.720615
-2.0419075
-2.7680602
2.1256836
-2.3116662
-0.043702163
-1.6964688
-2.3933001
1.5208429
-2.484677
-1.840124
-1.5635189
-2.1664468
-2.6192118
-1.9037669
1.0977228
-0.53452382
-2.4500419
-2.3068323
-2.6201917
-1.0484698
-1.9109636
-3.0372844
-2.7456677
-2.7239801
-3.3128078
-1.8350066
-2.9487475
-3.3303752
-1.2901973
-2.2254131
-1.7913994
-2.2171093
-2.5559866
-1.374891
-1.9631862
-1.6442949
-2.4007834
-1.9041252
-0.14586041
1.9235275
0.42069034
-2.2280004
-2.1429954
-1.6731753
-1.9859994
-2.4503323
-1.171593
-2.5298971
-1.6696835
-2.5905938
-2.3358636
-3.0780054
-1.5708623
-2.713943
-1.898138
-2.242854
-3.0060109
-3.2521529
-2.275999
-2.3721265
-2.1151745
-3.3072276
-1.5139353
-2.3941746
-1.1265771
-1.3408391
-1.823135
-3.1442648
-2.6869006
-2.4322674
-2.4981704
-2.4269462
-1.9077379
-2.6967761
1.6798823
-4.2172208
-1.6943885
-3.6452578
-1.3202359
-2.3989158
-1.4851666
-2.4163476
0.92013855
-1.5010951
-1.2807843
-3.2276723
-2.8498045
-2.0585309
-3.488191
-2.5891148
-2.0838303
-2.532511
-1.4670297
-2.7214027
-2.3052366
1.5126287
-1.9724119
-3.0294928
1.5175054
-1.8424027
-1.2950906
1.9405581
-1.5520391
1.0134556
-1.4188539
-2.0131429
-3.3716289
-2.0663606
-1.7730481
-1.8944231
-2.2569009
-2.4554089
-2.2875352
-1.8348271
-1.8576949
-2.755944
-1.6642728
-2.4621586
-1.9813113
-1.9222561
-2.1368711
-2.9932334
-1.7913037
-2.3353113
1.1441178
-2.6862537
-2.9969368
-2.6732859
-2.0631947
-1.8614974
-0.44878557
-1.0292203
-2.9919442
-2.5820402
-2.6936318
-1.8027201
-3.8148844
-1.7427389
-3.535107
-0.63497143
-1.6070906
2.2986793
-2.3795019
-2.0833331
-1.2462112
-3.97987
-3.8516096
-1.8207443
-2.7561024
-1.9650676
-2.6024302
-2.15932
-2.5574193
0.85941241
-3.4100444
-1.9013137
-2.7256668
-1.6291217
-2.0492761
-2.4501583
-1.8068364
-2.0629024
1.2739519
1.0225912
-1.6243719
-2.7498653
-1.3691099
-2.399757
-2.167214
-3.6912473
1.941367
-1.9696282
-1.6828313
1.4530164
-3.0687276
-3.1724163
-1.8263493
-2.8269917
-1.8552446
-1.2254722
-3.4621472
0.83826083
-2.3343358
-2.7975963
-1.2462571
-2.291636
-2.8393351
-2.5858325
-2.2708467
-2.5209781
-2.8148935
-2.4334864
-1.31086
-2.8848563
-2.5479077
-3.2797121
-1.2277415
-2.553581
-3.4493281
-1.9859559
-1.8112357
-1.0839868
-2.7654718
-2.8556334
1.5893221
-2.2805686
-2.6276341
-2.4727588
-2.4763192
0.4720375
-2.5640424
3.0011739
-2.0105579
-1.1752081
-1.9569967
-3.6107269
-1.7688563
-2.9627339
-3.1822695
-2.4638538
-3.0107726
-2.8768556
-2.2585655
-2.1953038
-2.4175604
1.1780547
-1.7711974
-2.2405146
-2.337447
-2.9447644
-1.4632421
-2.5354559
-2.2427292
-2.5730571
-2.7321491
-2.129661
-1.5173904
-3.2000536
-0.79611911
-2.4971365
-2.586805
-1.7916872
-2.3446697
-2.5673679
-1.7732483
-2.3762353
-1.7802639
-1.1032537
0.4707283
-1.7017199
-2.4958228
-2.0172142
-3.7314109
-2.7992507
-2.1164278
-2.2696182
-1.8111865
-2.4172256
-1.5363729
-1.9685776
-3.9854972
-1.9139456
-2.4419516
-1.8510382
-2.5157324
-0.83397749
-1.9680283
-2.091492
-2.5502438
-2.1515935
-2.1095545
-2.4523118
-2.3471979
-2.2041753
-2.4149492
-2.3913085
-1.3019085
-2.1184695
0.60609391
-2.2451328
-3.0119413
-2.379814
-1.8497156
0.76985347
-2.4974428
-4.0309029
-2.6473885
-2.3237871
-1.2995048
-1.7571703
-2.2830368
-2.0408188
-1.3658173
-2.4216174
-1.9576284
-1.2272126
-2.3848279
-1.8214702
-2.2928119
-2.140457
-1.6785764
-1.7263942
-2.3197548
0.85634772
-1.0144687
-3.1388166
0.1938115
-2.8306367
-2.2291347
-1.2228068
-2.1753356
1.5071022
-2.5067955
-2.0305607
-2.7422998
1.676726
-1.9104028
-2.3386269
-2.315221
-2.9362204
-1.1725121
-2.368061
-2.0628796
1.9542664
-0.61583985
-2.3186844
-2.3380198
-1.5502679
-1.9061016
-2.0236693
-2.8011237
-2.6200993
-1.8952598
-2.3282923
-1.7719434
-1.3962674
-0.44424701
-0.01085189
-2.7978973
-1.5301735
-2.0982116
-3.4374889
-2.2821883
1.382918
-3.1429158
-2.1366186
-2.2430935
-2.0058113
-1.9127268
-0.56187476
-3.0071905
-2.2089654
-2.0097339
-1.4081435
-1.5061774
-2.1805685
-2.8369207
-1.4909571
-2.0357641
-2.9851096
0.96971535
-2.5877511
-1.2715894
-1.3690424
-1.5830692
-2.4552183
-2.9573009
-2.6123463
0.38421997
-2.8167301
2.4900212
-2.2556945
-0.99853636
-1.9907574
-1.5923257
-2.1292136
1.4186767
1.1311369
-2.5128351
-2.3928781
-1.3828441
-3.0796311
-2.5606552
-2.861581
-2.0433457
2.3788594
-2.1512166
-1.6656708
-1.7069473
