-2.6470827
1.7914515
-1.748058
-1.9734086
-2.0326766
-2.2665594
-2.3410857
-1.3108391
-1.7501815
-3.6092414
-1.6665999
-1.7178987
-2.7218962
-2.7470158
-3.1107262
-1.7672448
-2.4281994
-1.7223657
-1.1837747
-2.2193897
-3.220382
-2.5604859
-2.0633972
-2.0407433
-1.8171708
-2.4145183
-1.5775783
-2.5070827
-0.60327461
-1.6415895
-2.7237616
-1.6132174
-2.8120925
-1.9163666
-1.9712286
2.0240779
-0.93715727
-2.1895242
0.99874579
-2.8519103
-1.5619208
-1.1824122
-4.3876026
1.4386249
-1.1866799
-2.9267863
-1.8469209
1.4416271
-4.1550874
-2.5800453
-2.2390521
-2.0163272
-2.7241073
-2.2556789
-2.1773668
-2.2336558
-3.0485328
-2.0994472
-2.4518822
-2.4747988
-2.1283417
-0.94712865
-2.0498488
-1.145035
-2.6051812
-2.6699893
-1.5198244
-2.0724205
-4.0162671
-2.1395715
-1.7176101
-2.9957167
2.0956918
-2.2007925
-3.03146
-2.3969536
-2.5316633
1.1971044
-3.1663489
-1.6175765
-3.101487
-2.3876252
2.7246562
-2.880055
-2.4684968
-3.8828159
-2.3638259
-2.2863631
-2.6615884
-2.0724504
-1.8619841
-2.4571465
-1.9300229
-3.1955737
-2.1573203
-3.3978775
-1.7597015
-2.0036858
-1.913382
-2.462065
-1.3076415
-2.7249604
-2.8462589
-1.9020147
-2.7689817
-1.9979475
1.8757941
-1.5467199
-3.1164885
-2.4052819
-1.9340866
-1.5209586
-2.4335227
-2.456085
-1.3483781
-2.2983844
-2.9067531
-1.3003614
-2.0064221
0.73849688
-3.2780656
-2.6553312
-1.4365753
-2.4874746
-2.7805642
-1.6112648
-1.8051999
-3.0780298
-2.6746497
-2.2521692
-3.6246501
-3.0815349
-3.2266487
-1.5960438
-2.1260991
-2.7951003
-1.4268047
-2.4167448
-2.3848581
-2.8290479
-1.3269536
-2.1496566
-1.081074
-1.7225885
-2.123306
-1.8235113
-2.5457726
2.2383555
-1.8947593
-0.48059546
-2.6099267
-0.81823271
-2.2306637
-2.4171844
-1.5463867
-2.818278
-1.7184417
-1.8293841
-0.25332739
-1.5839717
-3.2136792
-2.5045505
-2.7682132
-2.6979429
-1.3904769
-3.3594985
-2.3754824
-1.417653
-2.1758972
-3.0826308
-2.6524572
-1.9574011
0.87248294
-2.1140231
2.7110975
-1.6066272
-2.092423
-2.4631461
-2.5296993
-1.1976891
-2.2411969
-2.3759585
-2.3313808
-2.0121211
-2.2959637
-1.9122359
2.2496478
-2.7697492
-1.6690155
-1.5322852
-2.432907
-1.7260568
-1.2492946
-2.362525
-1.636223
-1.198373
-2.7447641
-3.0715734
-3.2413564
0.66032722
-2.0915501
-2.6164104
-1.5909006
-2.0654864
-1.818632
-1.7809138
-2.3022827
-2.5304768
2.9296017
-2.3773631
-2.1122489
-2.4093914
-2.9837534
-2.2040939
-3.30868
-1.2005677
-2.7559135
-2.5868105
-2.649074
-3.0256862
-2.7503171
1.2022828
1.4154367
-2.5291553
-1.0773957
1.1059431
-2.3419501
-1.4042088
-1.6230817
-1.6001726
-1.8482241
-2.1569164
-2.876079
-2.3137
-1.6090405
-1.802608
2.1930354
2.5242141
-2.981814
-2.2718619
-3.2314079
-2.4936869
-2.3523035
-0.71497411
1.1158359
-1.0854312
-2.5225114
0.79733976
-4.4820618
1.2626595
-3.8712565
-1.5833126
-3.1273527
-2.5254498
-1.7241217
-1.5575693
1.5414486
-2.0060595
1.9473793
-2.1075823
-1.4415991
-2.494528
-2.6604781
-2.2303361
-1.7740633
-2.5878345
-1.9538802
-2.4902471
-1.5987163
-1.6866066
-2.9024593
-1.6895389
-2.1221589
-2.8287094
-2.2483193
-3.2871375
-2.4176546
-2.4007935
1.6759859
-1.8652485
2.3925284
-2.7926278
-1.2331343
-2.9732401
-2.0179187
2.6641117
-2.439867
-2.3698281
-3.042933
-2.0556425
-3.1980388
1.4264167
-2.3392513
2.1114116
-1.4914287
-2.6586131
-2.155657
-2.526776
1.274328
-2.1003991
-0.99249272
-2.1312122
-2.1060564
0.76222468
-3.2651778
-1.5516112
2.2004867
-2.1209343
-4.5074434
-1.1312183
-1.9157588
-2.1027365
-2.2887628
-2.5979409
-2.9527162
-2.4438278
-2.2890437
-2.8359827
0.83282073
-2.9332274
-1.9791164
-0.054215427
-3.0622167
-2.3986008
-1.9754955
-2.8585187
0.67394268
-2.8088897
-1.9090649
-2.5750199
-2.6112587
1.6471768
-2.1685276
-1.9528648
-1.6516268
-1.3261101
-2.7607513
-1.3598046
-1.4433714
-1.8775736
-3.0240601
-1.0466598
-2.7841761
-1.8320348
-2.5375364
-2.6511925
-1.6837627
-3.3114147
-2.0557355
-2.4660494
-2.3282653
-3.6360901
-2.1630386
-1.3552411
-1.5883975
-2.5862816
-3.3403068
-1.6452314
-2.1063367
-3.116679
-2.5683454
-2.319746
0.93032879
1.799709
-3.0042784
-2.1272818
-0.63726848
-1.255712
-1.9070312
-1.9657
-2.0844066
2.4828856
-1.718336
-1.3879925
-1.8223464
-2.6013528
-3.3401869
-2.5159628
-2.3177285
-2.2950732
-2.9102376
-1.6798387
-3.0337367
-1.8020543
-3.1850783
-1.896565
-3.4130107
1.2839498
-1.544299
-3.2471638
1.9126725
-1.4608458
-2.4013155
-2.6220874
-1.8350756
-3.7177076
2.7453617
-2.4473878
-2.8257218
-1.0844615
1.1154748
-1.9888656
-1.6259255
-1.6664536
0.45547079
-2.4097041
-2.9943909
-2.2237529
-1.7970903
-2.4394052
-2.4650476
-2.0042076
-3.8022776
-1.7532824
-1.7076732
-1.6968272
-2.3090761
-3.222998
2.1957404
-2.2725977
-1.3588998
0.92711368
-3.1983256
2.8761029
-2.850758
-1.9775719
-2.3208488
-2.1319233
-2.0404631
-1.918421
-1.9436603
-0.91364578
-1.3476393
-2.9064505
-2.0183883
-1.8492486
-1.7067502
-2.5697829
-1.5998616
-3.0113005
-2.4298316
-2.2886189
-2.9263167
-1.3330903
0.87360722
-2.652779
-2.9339369
-2.3968377
-2.5885092
-2.3833063
-2.6830994
-2.6876651
1.5076293
-1.4624791
-2.3282004
-1.8425341
0.1222954
-2.5409024
-2.380629
-2.2399295
-3.0639444
-2.7648452
-2.6973178
-3.7521263
-3.8248721
-1.918752
-2.2570825
2.1939806
-1.6462568
-3.3787596
-1.6251602
-2.507221
-2.1096219
-1.5538971
-1.6614701
-4.0150355
-2.2559901
2.0275133
-2.1224899
-2.3649386
-1.6969822
-3.2937027
-1.5559475
-2.1288605
-2.9572879
-1.7478435
-1.4432955
-2.4328037
-2.3149543
-2.1717636
-1.5658084
-2.3520975
0.67721794
-2.5047919
-2.9555428
-0.67073415
-2.8921136
-2.437927
-1.8872227
-0.82962554
