-4.0685779
-3.6410615
-1.5410297
-2.9452029
1.6868659
-1.6439891
1.6165226
-1.9905764
-0.48605746
-1.2018704
-3.4905566
-2.5712235
-1.7687315
-2.5665581
-3.011917
-2.6634277
-1.4929172
-4.5414184
-1.7367963
2.3217962
-2.4041903
-2.4075445
-1.5323658
-2.4045446
1.2253939
-1.8756289
-3.2735353
2.6428489
-3.5601802
-2.4969281
-3.3344111
-2.2790645
-2.5399229
1.4221049
-3.4980105
-3.6594729
-4.0119071
-2.3732682
-4.4211072
-2.2591588
-2.6463641
-2.9026037
1.4576559
-0.93094879
-2.7154009
-2.0022056
-1.989788
-2.1328503
1.5705551
1.5200882
-2.2358122
-2.7801352
-1.9020359
-1.8868589
-2.5029677
-2.1072841
2.5836208
-1.6956849
-1.3519173
-2.6331219
-4.8855603
-3.2969073
-1.3202601
-3.9846793
-2.1727179
1.2235322
-2.5005304
1.8851568
-3.1540333
-3.8353344
-4.3252605
-3.1844261
-3.7445561
-2.1696323
-1.5078519
-2.2639844
-2.4723852
-2.9352973
-1.1236813
-3.9745163
-2.2790371
-2.8332283
-2.6001146
-2.9416894
-1.531052
1.9291963
-4.3334653
-2.1037768
-2.0383187
-1.8636402
-3.6968947
-2.671956
-1.1398799
-3.4952531
-1.6114548
1.1879367
-1.9301407
-2.0503853
-1.6762093
-3.2027758
-2.2626884
-3.3438169
-3.4197672
2.8835516
-3.1488698
-1.7151534
-1.969782
-2.002201
-2.1992586
1.9982731
-2.447406
-3.2910373
-2.399357
-2.935392
-2.739592
0.52447324
2.0918139
2.2356489
-1.2687904
-3.7732951
-5.1281685
0.61836123
-2.558667
-1.9841715
0.051195722
-1.0974652
-3.0073071
-3.5189185
-4.0293601
-3.5476476
-2.7033318
-3.1939535
-5.2389654
-2.8344906
-3.5940408
-2.8072615
-2.9215469
-1.7423553
-2.1604304
0.84901285
-1.5208287
-3.4864098
-3.28408
-2.0187436
-2.1901929
-2.4792143
-3.8147194
-2.2225013
-2.8262055
-1.3341559
-2.0968909
-3.1780453
-1.9872466
-2.9691256
-2.1586261
-1.9079338
-1.3820651
-3.0196875
-4.8998316
1.2452628
1.439848
-1.8803333
-5.1554315
2.3454459
-1.4289829
-3.4447521
2.416344
-1.8068321
-3.128101
2.1726833
2.3644025
-3.4118615
-5.1103862
-2.295254
-2.6532102
-2.4756796
-2.5548003
-1.5761264
-2.3067946
-3.8691411
-2.240955
-3.9591402
-3.1975774
-3.2983625
-1.9742793
-1.6067798
-5.1963232
-4.7356013
-3.9709184
-2.186587
-2.2958014
-1.8400247
-2.5015272
-1.7361141
-3.3339322
-1.8060339
-1.7699954
-2.4682119
2.1607122
-5.0079564
-2.486622
-2.6662336
-1.2756317
-2.6625461
-1.7435607
-1.7233249
-2.4089075
-2.6133831
-1.9665823
-1.8498759
1.6158371
-2.6372928
-2.6884153
-3.783958
-2.291176
-2.459553
-4.2840651
-2.3262417
-3.078196
-2.571531
-4.4157062
-2.2005093
-2.7365695
-4.609705
-1.3176411
-4.3580165
-2.6898762
1.2801698
-1.5550135
-3.1229315
-3.9178157
-3.2416248
-4.0681823
-4.152057
-4.3663352
-2.1174277
-4.9585333
-1.9180314
2.9829773
-2.6707517
-4.6796968
-2.9614178
-1.9794538
-1.2858439
-2.9696393
-2.2683237
-3.3157534
-0.80357466
2.002032
-4.2486681
1.2745615
-2.1204134
-2.9380735
-2.479826
-4.8230601
-4.2963109
-4.3524365
-2.0846694
-3.3594905
-2.8224045
-3.2150603
-4.3524904
-4.0908049
-3.9198802
-0.91043911
-3.0501017
-2.163212
-2.1966328
-2.2745276
-3.011492
-3.3841885
-2.9018637
-2.5766778
-3.7339455
-3.8356899
1.4398923
-2.0974421
-2.6141444
-3.9140458
-2.1402612
-4.1002952
-2.1355868
-4.1431184
-2.4790971
-1.9718779
-4.2838988
-2.7587666
1.544844
-1.8219299
-1.2837742
-0.78121151
-4.3330943
-2.4139473
-1.6582841
-3.352637
2.0708655
-3.3165791
-3.1832122
-3.6674834
-3.3446217
1.1186568
-1.9859711
-2.6446839
-2.1586852
2.2528313
-4.5480444
-4.2920295
-2.6965977
1.575907
-2.5872474
-2.4797571
-2.4417522
-2.2894431
-1.2605664
-2.680909
-2.9252523
-2.1955893
-2.3448759
-2.7292635
-2.0509914
-3.0849426
-4.7586503
-3.0421756
-3.9198738
-1.7612592
1.5947518
-1.2571281
-2.3977427
-2.9647789
-2.4356839
-2.3955503
-3.8743532
-1.8874439
-3.2758502
-2.4718026
-3.6051666
-1.5294427
-4.6575404
-1.8856892
-1.6977158
-3.0655639
-0.60791649
-2.4612465
-2.9931184
-1.9853984
-2.684944
-2.5740228
-3.5186808
-2.257254
-4.2402875
-1.7952608
-5.3405377
-4.040605
-1.8851886
-1.1282521
-2.6351626
-2.7918372
-1.8146388
-0.33870917
-1.2074852
1.4715558
-2.0528404
-4.6601572
-4.3614959
-4.322245
-2.4649023
-1.7366688
-2.549007
-2.5448687
-2.409248
-4.5425481
-4.0084988
-2.5178447
-3.9500697
-3.0335296
-3.7300832
1.8867394
-1.9082539
-1.7983724
1.6186488
-3.3023896
-2.8711966
-3.4584679
-3.4426734
-2.7715315
-2.1182674
-2.4461529
-2.5624559
-1.3405084
-1.2563217
-2.4956672
-2.8472041
-2.5242656
-2.0100927
-1.1410886
-3.7999034
-2.2467746
-3.8196598
1.9626685
1.3587686
-2.4229215
-2.9695214
-1.934709
-1.6740171
-4.0702547
2.0403702
-3.0301948
-3.8213331
-3.2531183
-3.0591832
-4.241786
-3.5938838
-3.9160425
-6.1946293
-1.2852345
-3.9911919
-2.4378674
-1.4107816
-2.3470093
-2.4663053
0.37212757
-3.9781242
-1.7776921
-4.107981
-2.5079386
0.68204704
-1.5937236
-2.8553029
2.0958531
-2.5098423
-2.278726
-2.468803
0.75213847
-1.7993161
-3.1377795
-3.5595345
-2.2226694
-4.1860893
-4.7773658
-2.3151917
-3.3310697
-2.0629865
-2.6019082
-2.024058
-4.7448906
-3.122439
-3.6516189
-0.31875777
-2.6294485
-4.1632373
-3.1493193
-3.6916637
-3.4370863
-2.4341587
-1.6512676
-1.7367103
-3.3912055
-2.5121431
-4.15749
-2.5396197
-3.2282637
-2.3033411
-3.5252892
-2.4098366
-4.0401267
-4.1430473
-1.7825798
-5.3615611
-2.9798522
-5.1859584
-3.6390144
-2.4551509
-1.5127696
-2.9402104
-3.2362131
2.3124262
-2.5102994
-2.9838521
-1.1572322
-1.6798681
-1.7173422
-2.3554795
-4.0109118
-2.8802476
2.6568292
-3.0944458
-1.4657792
-1.7514584
-1.878077
-1.6198441
-1.3006074
-2.7234865
-4.7295634
-3.0647047
-4.5954639
-2.1768263
-2.2870273
1.2970155
-1.9882686
-2.0297283
