-3.1609294
-2.1349177
1.4152821
-2.3418978
-2.3380669
1.8176335
-3.011066
-2.3113445
-3.5166481
-4.0093033
-2.1388383
-3.4088482
-3.3933068
-2.9922722
2.3133575
-1.7392677
-4.2466806
-3.2337579
-3.2907197
-2.1910139
-2.6600111
-3.6306574
-2.9692726
-2.6945009
-2.0822322
-3.1365586
-2.5792015
-3.0853467
-3.2969665
1.6338088
-3.2715332
1.1735388
-3.2797908
-2.9375146
-2.8481042
-0.99759201
-2.2026504
1.8287462
-0.87545712
1.9956535
1.8209599
-2.0932818
-2.5497833
-1.0989294
-2.7682483
-2.8793872
1.6230533
-1.8689167
-3.1110336
-2.8022417
-3.1604422
-2.80603
-2.4456484
-1.9527774
-2.4134772
-2.8104703
-3.3855572
1.5785302
-4.2438185
-1.5586989
-2.9430604
-3.3506898
-3.1241608
-2.4653589
-3.9464317
-1.9894663
-2.4279516
-1.9277241
-3.4826154
-2.0163066
-2.6168762
-2.0545369
-3.1684849
-2.8203535
1.6116444
-2.86465
-2.0327301
-1.5290104
-3.2414043
-2.8454228
-2.4736885
-2.0167877
-2.637556
-2.9176721
-3.3011315
-2.7400193
-2.7783786
-2.1789337
-3.2301329
1.1541968
-2.8940359
-3.330097
-2.0251483
-2.3810821
2.0415395
-2.526426
0.50396298
-2.75477
-2.1086967
-4.197218
-1.4862689
-2.4049461
-3.5822841
-2.3760853
-2.7912201
-3.5584447
-2.9853619
1.4773426
-3.2401049
-2.735158
-2.9565721
-1.7186887
-2.703782
-2.8258146
-3.497725
-2.076381
-1.6531352
-2.8772544
-2.256638
-2.8319813
-3.2328359
-3.5504997
-2.1217896
-1.4256751
-2.8586372
-1.9968934
-1.8763493
-3.0140076
-3.4688709
-3.0020012
-3.5040674
-3.66317
-1.9767802
-3.7633424
-2.497275
2.1951644
-3.1858091
1.7422397
-2.7444271
-3.2896284
-2.0495708
-1.9242079
-2.9162309
2.0284543
-3.8430773
1.8993918
-4.1392965
-2.8077508
-2.7689207
-1.8008954
-3.7234585
-3.8016535
-2.4814941
-2.057266
1.5563635
-3.3038441
-3.3082254
-2.4220695
-2.6646795
-1.1970977
-2.000838
-2.7660256
-3.2536572
-2.8898357
-3.5865781
-3.1613027
-2.6292265
-3.3724964
2.525707
-2.7189905
-2.4900777
-2.697958
-2.0916663
-2.1831731
-2.8681279
-0.74418891
1.7503357
-4.1373081
2.1182947
-3.1121907
1.7690221
-2.9690987
-2.3486579
-1.9626546
-2.8851941
-3.1336318
-3.3399998
-3.5554008
-2.3840437
1.1458699
1.6122434
1.0858957
-3.177611
-3.3818451
-2.4986889
-0.48923118
2.0040359
-3.5262999
-3.061257
-2.9314894
-2.600432
-1.9847988
1.4851789
1.6923589
1.4722421
-2.8259855
-3.1146695
-3.1343333
-2.508296
-3.2548474
-2.8219338
-2.3328462
-3.1276769
-2.6293324
-2.7462575
-3.7525864
-4.0432988
-3.489099
-3.0384788
-2.6723636
-3.5076054
-4.6308409
-3.0486074
-2.6126301
1.1635627
-2.6942658
-2.830521
-1.6159083
1.7202484
-1.718398
-1.8155508
-1.5475643
-3.5149086
-4.2256147
-2.0946811
-3.2758042
-2.74111
-1.4893961
-3.1477951
2.0277728
-2.4998367
-4.1899785
-3.5578755
-3.2791296
-2.4798725
-1.8477688
-2.6021532
-3.2034743
-2.9343252
-1.4141829
-2.7903044
1.3785887
-3.2893177
-2.4442539
-2.5595792
-2.4107619
-2.0376671
-2.1167535
-4.1834776
-2.7270171
-3.0395386
-1.8988035
-1.9341636
-2.2627064
-1.8762881
2.0856299
-3.3903457
2.0175073
-4.2718645
-1.8213018
-2.9059511
-2.9210125
1.9346619
-3.759926
-3.9117567
-3.1637948
2.1996579
-3.146184
-3.3913001
2.1245993
-1.9289401
-3.3272178
-1.9795684
-2.113946
-3.14607
-3.4066392
-2.3484276
-2.3073729
1.4302525
-2.1909866
-3.2659487
-1.4205241
-3.4505911
-2.5884092
-2.4175036
-2.8768094
-1.6311717
-2.1165451
-2.2791679
-2.8811143
-1.6983001
-3.4188997
2.1009687
-2.4960969
-3.175476
-2.6573301
-2.0443195
-3.0873877
-2.2907767
-1.5819073
-2.9059034
-3.1532582
-3.8640407
-2.4647889
2.0467652
-4.6224173
-2.7236073
-3.1555483
-3.6672463
-2.9257096
-1.6145608
-3.2818845
-2.7511417
-2.6207275
-1.7903812
-2.5881303
-0.84396407
-2.8462511
-2.4720094
1.9647793
2.075547
-1.8726811
2.0559083
-3.5118264
-2.3912112
-2.6369435
-3.5227044
-2.5656939
-3.3653612
-2.9433763
-0.53422534
-2.2603229
2.0673203
-1.82486
-2.5142611
1.8281974
-3.0684587
-2.3236612
1.8332633
-3.2360859
1.6848416
-3.5711455
-2.2329558
-3.157251
1.4288788
-3.1863622
-2.7228509
1.1477582
-1.528567
-2.2096511
-2.397807
-4.3508335
-2.4742221
-1.2847884
-2.7700543
-3.1099509
-3.5899554
-3.7055786
-3.7593629
-2.6072004
-2.4427668
-1.8187542
-2.1435333
-3.4873768
-3.5719706
-2.8227151
-2.5650249
1.9965175
2.0070934
-3.1402378
-1.7084842
-1.0799238
-3.019887
-2.2651168
-2.7981806
1.7557882
-2.8175566
-2.3953047
1.4767535
-2.8343504
-3.9357017
-4.4014647
-3.5118399
1.8040055
-2.541076
-2.5823642
-3.0438322
-1.9416898
-3.0579791
-1.9015585
-4.3599937
-2.4522413
-3.082714
-2.8432967
-2.4166856
-2.9931826
-3.0446871
-2.4398931
-2.6863502
1.1535315
-2.7266112
-2.011268
-3.0355718
-3.5369167
-2.0887112
-3.2716297
2.0617338
-2.5364894
-3.9069593
2.0618426
-2.1342041
-2.1023484
-3.8972396
-2.6766829
-2.2352037
-2.8753296
-3.0489263
2.0142683
-2.1850722
-3.910786
1.7514666
-3.7833571
-2.5445939
-2.7638231
-3.5035086
-1.9489647
-3.294956
-2.1004897
-2.7753501
-3.0569397
-2.4589836
-2.9844793
-3.5851237
-2.3201619
-2.9879467
-3.5425978
-2.9925049
-2.4194126
-3.1821753
-2.1359262
-1.5415767
-3.591911
-2.2692952
-2.3965977
-3.3256874
1.5953351
-0.42916309
-2.7957462
-4.0217704
-2.6357082
-3.7163247
-3.510368
-4.0352758
-2.9047999
-3.7824428
-3.4650881
-2.8863784
-1.9716584
-3.6485061
-3.2808112
-3.0579061
-2.2663879
-2.5491913
1.7163353
-2.7475639
-2.7080052
2.1166443
-1.7349318
-2.979174
-3.8806769
1.7008791
-3.7639195
-2.3330067
-1.648521
-3.0566668
-2.5900122
-3.7060648
-3.718577
-3.6332512
1.5154346
-2.2848253
-3.3434245
-1.4998078
-2.385398
-2.7988853
-3.2992438
-3.4659881
-1.8387104
-4.1190547
-2.5653477
