-1.4443343
-2.0524794
-2.1864732
-2.273977
-3.0289067
-2.213689
-2.8228863
-1.5618207
-2.8841263
-2.1630551
-2.6023061
-2.2505872
-2.0129498
-2.8029293
-1.8806671
-0.91669379
-2.5265493
-2.0039724
0.80139495
-2.2502377
-1.9626914
-2.5254815
-2.9060331
-2.2615249
-2.3795153
-3.2653077
-1.9557912
-2.9070525
-2.2266735
-1.2778191
2.7900274
-1.4762811
2.1503291
-2.8799917
-1.6118082
-2.2798719
-2.0443788
-2.2022405
-0.56914133
-2.0879848
-1.5485828
-1.3410939
-2.7084713
-1.1307157
1.3280838
-1.8768509
-1.0821423
-1.9396211
-2.9154297
-2.7957627
-2.1614391
1.9448495
-1.4566471
-1.3684228
-2.6897338
-3.2281153
-3.4993422
-1.6667111
-2.2695148
-1.8767914
-1.4985748
-2.0306695
-2.2303683
0.83149001
-0.93559673
-1.5902039
-1.550374
-1.7953267
2.180915
-2.1361051
-1.9025429
-3.3362301
-1.3860713
-2.242612
-2.5202354
-1.3256052
2.3567078
-2.306186
-1.9549693
-1.834582
-3.5488145
-3.626718
-2.9693036
-2.3362127
-1.9869509
-2.948323
-2.0049248
1.9583965
-3.2614032
-2.1052671
1.682688
-1.6790696
-1.6194638
1.7480573
-2.2756227
-1.8938454
-1.4315011
-1.688081
-3.7552853
-1.9271893
-2.2761651
-2.429128
-1.6685997
-2.6156957
-1.0439133
-1.714892
-2.3544236
-2.4752435
-2.9840526
-2.5305915
-1.3913548
-2.0241978
2.1952418
-1.9045045
-1.0529364
-2.1808505
-1.5200856
-2.2564344
-1.6876192
-2.7745114
-1.0639641
-2.2753125
-1.8745252
-2.7046541
-2.4609174
-1.9020691
-1.7140675
-2.84509
-2.1351095
-2.1443729
-2.0620763
-2.8172496
-1.8443451
-1.0228103
-2.2458954
-1.851615
-3.6782502
-2.7016905
-2.4528112
-1.8990823
-2.5449691
-1.780098
1.2504009
-2.6088715
-1.6903849
-1.5916692
-1.1556631
-2.0959158
-2.9168761
-0.94352419
-1.8836616
-1.0132106
-2.7660879
-1.8976089
-1.9721094
-2.3574916
-3.8432592
-3.161259
0.93967263
-1.8621809
-2.9479192
-2.0312619
-3.1082586
-2.5162837
-2.9061375
-2.1356825
-3.2561867
-1.2294794
-2.1149414
-3.2490533
-2.2249517
-1.1324551
-0.97173845
1.3293173
-2.0975703
-1.1197966
-1.5525442
-1.9079016
-1.593043
-2.7986365
-1.6700766
-2.6955604
-1.7160006
-2.3119038
-0.7129459
-1.8308154
-1.775847
-1.2883528
-3.5737248
-1.3306647
-2.3507643
-1.5767953
-2.775463
-1.3511864
-3.4697704
0.23719936
-2.7719136
-2.9809748
-2.5272768
-0.86430216
1.2167218
-2.9231529
-1.7200428
-1.5367978
-1.9168578
2.0109094
-3.0454448
-1.3279071
-3.1887766
-1.7554021
-2.7071064
-0.86657694
-1.1030573
1.7497468
-2.2722609
-3.6700236
2.7286339
-3.4229956
-1.4419248
-1.5730179
-2.7463196
-1.4773749
-2.1447217
-2.0765533
-1.5083556
-1.0869255
-1.7206205
-1.8637374
-2.1248688
-1.5002396
2.0792579
1.6459191
-3.5703484
-0.75716132
-1.2514574
-2.8579008
-2.1697702
-2.240378
-3.2623277
-2.0019933
-1.7644161
-1.2177483
-3.907314
-2.1087463
-0.6786498
0.32882186
-3.2448083
-2.7621231
-2.8153938
-1.4157513
-2.5533772
-0.93230958
-2.7499075
-1.7887017
-1.2194587
-1.8419525
-1.6510763
-1.5964622
-2.358599
-1.9413419
-2.116205
-1.7190899
-1.8419513
-2.0116103
-1.6070748
-1.7484811
-1.7068296
-1.8577663
-1.5532837
-1.8510799
1.6075585
-3.2248675
-2.0844552
-0.9756588
-0.13093738
-3.005603
-2.2394753
-1.6667107
-2.8903123
-1.8571463
-1.8031707
-1.4375733
-1.3571903
-1.2471996
-2.7964105
-1.7322527
-3.5230994
-1.3359857
-2.6293648
-1.8245881
-2.3550111
-2.1841771
-2.8079885
-2.5517857
-2.663046
-2.9737926
-2.6115191
-2.2358413
-1.5576933
-1.5336617
-1.8703827
-1.4198
-1.9165563
-2.0843056
-3.300289
-2.3650981
-1.7711904
-1.4045183
-3.4714544
2.0246221
1.3207164
-3.2561533
-4.3478403
1.5850592
-2.2335132
-1.2852776
-2.7311902
-2.1336068
-0.44537099
-1.7239168
-1.784573
-1.599273
-2.3462713
1.9429006
-2.4435402
-1.7557862
-2.8604442
-2.9434087
-1.4346893
-1.58461
-1.8789557
-1.5097191
-1.8345953
-1.3805473
1.5892163
0.70382354
-2.4787172
-1.3691111
-1.5279432
-3.0861102
0.52349747
-1.7795773
-1.9662766
2.0582201
-2.0047108
-1.5033087
-3.1096182
-1.7688773
-2.7970497
1.3382207
-1.5451088
-2.4877658
-0.9310714
-2.9403902
-1.7890906
-2.6439824
-2.7095359
-0.99419899
-1.2042435
-2.3913637
-1.9482884
-2.5773895
-1.5329622
-1.9996945
-1.4559133
-3.214437
-2.2724768
-0.77032026
-2.1001511
0.86666205
-2.4572009
-2.1779253
-1.2119263
-0.95989176
-2.1079818
-2.600331
-2.83863
-2.0254865
-1.6828192
-3.1314968
-2.600644
0.010605533
2.1228227
-1.0429705
-2.6931143
-1.327362
-1.589189
-1.6788349
-1.2502455
-2.5350085
-2.8744804
-2.5041337
-1.9593976
-1.9153955
-1.9033124
-2.0032935
-2.0736082
-1.5009324
-3.600298
-1.8902472
-2.3308115
-1.3635965
1.268727
-2.0071353
-1.1950578
-2.7846658
-2.5689221
-2.3859781
1.3626143
-2.4441643
-1.4954322
-1.432199
-1.0025517
-2.2591693
-1.6499098
-2.6273588
-2.5537909
-2.0372625
-1.6368583
-1.4982666
-1.7003683
-1.5056326
-2.0856339
-2.425245
-3.0402201
-3.5984617
-1.9406764
-1.824806
-1.9870959
-1.9082212
-2.490726
-1.8641146
-1.6921337
-2.0798387
-1.4607264
-1.3021867
-2.0551063
1.9911719
-2.0378145
-2.6581164
-3.1635198
-3.9477188
2.6830036
-2.1946024
-1.4486728
-2.1523403
-1.7907046
-2.5889182
-1.2597805
0.25662701
1.2277806
2.2220734
-1.9528035
1.408581
-2.6787099
-2.3570285
-1.6463968
-1.9430413
-1.4100917
-3.2339157
-1.9013386
-2.5417571
-3.0926316
-3.5340131
1.2587787
-1.8227636
-1.9208914
-2.6241864
-1.2242195
-0.77347808
-1.3905491
-1.6443508
-4.2766995
-1.3287716
-1.9950623
-2.9085277
-2.4364393
-1.0235265
-1.5535202
-1.0635513
-1.7121142
-3.0779024
-1.6089751
-2.0196507
-3.2003515
-2.9497303
-1.6172855
-1.6714298
-2.4622336
-1.9877818
-1.9944581
-0.99159338
-1.6750607
2.1756218
-2.0006759
-1.371529
-2.1939734
-1.67044
-3.6157673
-2.8008511
