-2.4737653
-2.6816072
-2.8140007
1.5141868
-2.2477976
-2.9280554
-3.9377069
-3.4659126
-2.5264983
-3.4504462
2.4159998
-2.6249933
-3.3091271
2.0452578
-4.0782295
-2.413983
-2.4519392
-1.946896
-2.3849191
-2.4806787
-2.1867422
-2.0667897
-2.5852901
-2.006846
-2.3903328
1.825113
-1.9658813
-3.1622731
2.4126116
-4.025644
-3.4017058
-3.5281983
-3.3621074
-0.28684815
-3.1750041
-2.4348656
-2.4276545
-4.258228
-2.0962816
-3.1503317
-2.9173273
-2.1706282
-4.0419848
-2.2200704
-3.8552457
-1.7022512
-5.082812
-1.8261943
-4.2945468
-2.5209755
-1.6429138
-2.0328693
-1.6480359
-1.9827293
-2.4197459
1.6429837
-3.2894065
-2.8118626
-3.206631
-1.6502382
-2.6573803
-2.5013733
-2.687298
-2.7078397
-3.7027238
-2.4873866
-2.1163193
-2.2626399
-2.7582561
2.0868871
-2.0078266
2.9665741
-2.0146385
-2.9543061
-4.0819379
-3.5514031
-2.8129047
-1.7172204
-3.2259204
-2.8148617
-2.3132431
-2.3131866
-3.0107907
-2.4908411
-2.6196464
-3.9493355
-2.7010898
-3.25428
-2.7484168
-3.1720821
-2.2007184
-3.4221283
-2.7746468
-2.109312
-4.3397687
-2.2224074
-3.7227865
-2.9835639
-1.5348861
-2.5990097
-2.3233407
1.9896774
-3.2039741
-2.6815202
-2.932305
-3.355958
-1.8575766
-1.5118114
-3.7778592
-2.5562946
-2.6883819
-2.8631114
-2.3463068
-3.5055118
-3.1682291
-2.9130086
-3.8471329
-3.7275443
-2.5823281
-2.2434999
-3.5301056
-2.0543978
-2.9337811
-2.7288225
-3.8476367
-2.8356734
1.3212349
-2.6778067
-3.336258
-2.0388295
-3.0378671
-2.8628307
-3.2199673
-2.3427727
-3.1922978
-3.651278
2.517035
-2.6294951
-2.3189606
-3.6090434
-1.8569094
-2.2416202
-2.8398078
-3.4132968
-3.0344339
-3.8408696
-2.8352067
-2.866454
2.180257
-2.7425428
-3.2716852
-1.1160147
-1.8919932
-2.1274924
-3.4162385
-2.8421999
-2.6386576
2.1531431
-1.3313441
-2.8739765
-4.0722498
-1.834552
-2.5904753
-3.440689
-2.5713087
-2.8737553
-1.8629007
-1.3126066
-4.1631364
-2.9964755
-2.8251192
-2.4892062
-2.5898119
-1.4445433
-2.2515713
-1.9607919
-3.109002
-1.923569
-3.8323727
-2.8305808
-3.5900118
-2.9953606
-2.315302
2.1974223
-2.0662898
-2.9817017
-2.707172
-2.4264182
2.592521
-3.2826586
-2.3400511
-4.2452938
2.115229
-3.6791842
1.2539504
-3.5356895
-3.3728978
-2.5983895
-3.1695332
-3.3663732
-2.4440999
-1.5487287
-2.3799586
-3.4024342
-2.8442724
-3.1761589
-4.2448184
-1.6648342
-2.7862073
-3.475957
-2.3855568
-2.0722709
-3.5653271
-2.9809794
-3.3133099
1.2010485
-3.5572527
-0.91224959
-2.71157
-1.3928631
-2.0069948
-1.1492566
-1.6395388
-2.0980627
-1.657372
-2.0336294
-2.2258918
-2.0861578
-2.9481424
-1.6896018
-2.7926034
-1.9817936
-2.3390714
-3.1522394
-1.8417974
-2.1957118
-2.4198639
-2.8061676
-2.9638765
-3.7495927
-3.2961467
-1.2083213
-1.9697466
-3.3107799
-3.0873936
-2.3753754
2.2888261
-2.8321143
-2.7513813
-2.8063202
-3.5791953
-2.9956737
-3.3560682
-2.133536
-1.6489427
-2.4057905
-3.517813
-2.1759815
-2.3722512
-1.0188901
-2.5033993
-2.2718513
-2.7211097
-2.3304378
-3.7009148
-4.2532084
-0.98676171
-4.2945723
-1.8856069
1.3448895
-3.0736239
1.2561349
-3.8425718
-3.3898111
-3.0860906
-3.6142382
-3.645801
-1.6978175
-2.3910957
-3.3468486
-3.1701987
-3.6864187
-2.339899
-2.0984531
-2.1403955
-2.7701227
-2.8907
-2.8531934
-3.1712157
-3.0821973
-3.6741751
-2.8166111
-2.1785048
-2.3159391
1.3440819
-3.4653616
2.5046408
1.6563345
-3.1003678
-2.20697
-2.9751573
-2.1817996
-4.1752297
-2.2100825
-2.9772484
1.539929
-2.6586057
-3.1572501
-3.6010696
-2.8628019
-2.4167569
2.2871181
2.4955388
-3.0300747
-4.3862119
-2.6267073
-2.4540801
-2.5237153
-0.96643448
-2.5027035
-3.3226999
-2.4059822
-3.3226865
-2.983794
0.54493456
-2.9145102
-2.9290723
1.9484661
-2.5692639
-4.0059205
-3.9422334
-2.8325824
-3.9264624
-2.1557299
-2.5450511
-2.6407156
-2.7508929
-1.8780339
-1.9361422
-2.8449728
-3.7491182
-2.3962601
-3.9808445
-2.5259493
-2.3871324
-3.7547907
2.247472
-2.4354097
-3.5090574
-3.2654003
-4.8224023
-2.1253695
-1.8936701
-2.2242197
-2.8227861
-2.1767189
-2.8231548
-2.5121317
-2.7122286
-3.4031822
-4.0908396
-2.8084566
-1.8008332
-3.8895396
-2.2241707
1.7434985
-1.7125911
-2.7962149
-2.9094108
-1.4474518
-2.6036649
-3.1088578
0.87962251
-2.4889222
-1.8076084
-2.5138207
-2.7924867
-3.384707
-4.1242021
-2.3285345
1.4953429
-2.5133712
-2.7479737
-1.8247603
-2.6958112
-3.4850331
-1.6093204
-2.7378145
-2.1145967
-3.8899615
-1.5800456
-1.6848624
-2.9666329
-3.4745316
-2.3099741
-3.1102488
-2.8292432
-2.9180749
-2.5236638
-2.2771442
-1.215164
-2.6647588
-3.0741199
-2.3576943
-2.4600753
-3.4797295
-1.5366469
1.7682228
-2.6885048
-4.4411374
-2.7806317
-2.6868934
-2.649956
-2.3596098
-3.3082926
-2.6648111
-4.2311298
-3.4551782
-2.4983745
-3.3938445
-2.3945761
-1.0638615
-3.3183393
-2.3205685
2.0930113
-2.1928291
-2.699614
-3.7003502
-3.0014643
-3.2983539
-3.5822719
-2.2359253
-4.5565504
-3.2005873
-1.9785502
-3.0533885
-2.1649979
-3.0419766
-1.3771545
-2.1456925
2.6361214
2.4762648
-3.527134
1.0827117
-2.2462127
1.0124464
-2.3965505
-1.2656912
-1.6280596
-3.3247165
-3.1121361
-3.2053171
-3.7675114
-2.0510659
-2.3134714
-3.3544712
-1.6901097
-2.0418847
-3.1284025
2.1964208
-3.0826863
-3.4863987
-2.6315779
-1.9971988
-3.3865378
-3.2240838
-2.559039
-2.0351245
-2.8065525
-3.4700231
-2.0106684
-2.3556825
-2.4305502
-3.2590875
-2.3118232
-3.5837022
-4.0346154
-3.2738137
-2.4512416
-1.4125085
-2.5053999
-2.9359781
-2.1419557
-1.5442445
-3.1816979
1.4950058
-3.619444
-2.3885214
-2.8650537
-3.018197
1.2252038
-2.5417855
-2.4077467
-3.6546489
-2.4216349
-0.70231051
-2.98165
-3.7876676
0.83239105
-2.0722247
