2.5329398
-4.9397787
-1.5540225
-2.4137152
-1.8589886
-1.3216509
-3.121257
-2.2804385
-3.1456272
-1.6420261
-2.8165588
-3.2005319
-2.2740035
-1.3601833
-2.58766
-2.2678272
-2.2598896
2.4421398
-3.3973953
-1.8652994
-1.3392745
-3.5187772
-2.0313289
-4.1438958
-0.83536303
-2.5172124
1.4428035
-2.5666559
-2.811069
-2.4312143
-3.2655317
-1.4400179
-3.7891717
-2.6391916
1.9483774
-3.0160852
1.8841159
-1.4779107
-4.3965186
-2.2017361
-1.4864233
2.0335359
-2.2092063
-3.1250903
-3.2454583
-3.3830906
-2.9393385
-2.2934675
-3.5638037
-2.2780498
-3.0585118
-2.3498286
-2.402086
-1.8811454
-3.6751469
-3.1151907
-2.1499119
-1.3682836
-2.2964365
-0.20857797
2.5854133
-3.1546284
-1.6551782
-3.324702
1.8081686
-2.6021394
-1.8266424
-3.0125866
-3.2412187
-1.7665539
2.3849097
-2.4588747
-3.540849
-1.0938379
-2.0156434
2.1973697
-3.9023306
-2.0929477
-1.8603665
1.6319152
1.610656
-2.594462
-2.3830817
1.894494
-3.5924367
-4.2219453
2.5241639
-1.8945016
-3.178432
-1.8429288
-4.00629
-3.6718495
-1.494302
-4.0564915
-3.6641273
-3.2794811
-2.1653629
2.4745321
-2.9232031
-2.6269944
-2.4175217
-1.3789755
-2.7546343
-2.9871768
-1.9932722
-2.0420896
-2.7410575
-2.4762817
-3.3744821
-1.5137536
-5.0449905
1.1326943
-3.3472402
-2.5662306
1.9644848
-2.8955742
-2.6192112
-3.5665659
-1.6684023
-0.71280807
-4.1149815
-1.7944879
1.9693215
-2.8566403
-0.10493368
-2.061243
-3.0406033
-3.4261386
-4.1486721
-3.5815689
-3.9056403
-4.669553
-4.2039783
1.3893419
-4.7348592
-1.8734149
-2.3911353
-2.0289996
-3.0426706
-1.9733408
-3.3992055
2.5566573
-1.591296
-1.7273549
1.3528172
-2.0752908
-3.6760334
-4.0675335
-2.5639674
-2.7657188
-3.0112022
-3.3802997
-2.7287793
-3.2911436
-1.2693651
-4.9341785
-1.8938305
-1.2471156
-3.016796
-1.4510201
-3.6604415
-3.9437106
-4.5714426
-2.0353855
-2.0284225
-3.7320123
-1.5031247
-2.1761888
-2.5561069
-2.3651141
-2.3064458
1.4463259
-4.3242295
-2.3049366
-2.5713202
0.4375159
-1.4435092
-2.9580584
-1.8784305
-3.7142758
-1.4598393
-3.5663539
-3.4769415
-3.0886435
-3.6450072
-2.8815244
-2.8948455
-3.9840672
-2.4594986
-1.9421865
-1.4807697
-2.6825086
-2.9716929
-1.7193396
-2.2465188
-1.9114454
-2.0450052
-4.4388253
-2.2210455
-1.7617936
-3.5345207
-3.0019568
-1.4264763
-1.8271421
-1.521445
-2.4402832
-2.8815574
-2.4444609
-2.7983623
-2.6558744
-1.127986
-1.6246703
-1.7855183
-1.5755811
-2.3388223
-1.8330596
-2.4611436
-4.0787953
-0.75406106
-3.4393538
1.5054535
-2.3368918
-2.5145241
2.6850184
-1.4247795
-2.4303692
-3.587394
-1.7457541
-1.8306236
1.9414605
-4.1965942
-3.3618264
-3.9904711
-1.7505335
1.7099639
-1.2372078
-2.4057275
-2.7334737
-3.4501136
-1.6631542
-4.4669765
-3.2335236
-2.9506941
2.0186004
-0.71306589
-1.945915
-2.9842865
-2.8310229
-2.7993634
-3.34545
-2.9255911
-2.4649888
-2.3964848
-3.7555249
1.8765002
1.6397094
-2.6953556
-2.3429803
-2.9830928
-2.3197907
-3.8139692
-2.7160899
2.8266004
2.2409974
-2.358336
-2.0818551
-4.7123176
-2.3574806
-2.8176863
-1.5066364
-3.9174893
-2.2572394
-1.6360998
-1.4949048
-2.356374
-2.178645
-1.7673927
-2.492288
-1.7177942
-1.6208895
-3.9700017
-2.9960915
0.87062824
-1.4328552
-1.6719375
-2.9403585
-4.0779856
-1.1272712
-1.5828825
-3.4626272
-3.6493977
-4.8259342
-1.1514992
-2.3394752
-2.1921918
-3.2380195
-3.0548173
-1.736436
-3.9122485
-3.569472
-1.3945163
2.2761054
-2.1756923
-0.67071092
-1.5521714
-3.4341022
-3.5971609
1.5344481
-3.7175243
-3.9001911
-3.0478137
-2.3629486
-2.6193158
-3.6619677
-1.9065588
-2.0677466
-4.2830166
-2.1837541
-3.2967283
-4.1085748
-0.83846741
0.20252889
-2.7554927
-3.6069569
-1.0048571
-1.3302963
-4.6644503
-2.25419
1.7891527
-2.0002033
-1.8468953
-3.2743469
-1.6441529
-3.9650452
-3.0963802
-2.6573474
-2.2275554
1.3149276
-4.2899979
-3.3491314
-4.628761
-1.0603613
-1.810627
-3.7520449
-3.9429179
-1.6870675
-2.7348665
-3.5383789
-2.0026177
-1.9848056
-2.6647442
-4.03922
-2.5461974
-3.8849841
-1.8182774
-3.4809448
-4.04876
-1.4641752
0.13562698
-2.8409257
-1.9493966
-3.5273066
-1.0020734
-4.303649
-2.4665447
-2.184387
-2.3527874
-3.7146471
-3.4209903
-2.4648151
2.3942792
-3.1061329
-2.1487971
-2.9619089
-4.1476206
-3.9680564
-2.1161146
-1.7456905
-2.0841119
-1.672631
-3.5926325
0.050872981
-2.914078
1.7539933
-3.5871476
-1.7352648
-3.0339079
-1.5734486
-1.7689188
-0.88431049
-2.4175655
-2.7111941
-3.2541813
-1.6347283
-0.55309257
-4.3412402
-2.7333953
-3.9713796
-2.0351027
-3.2994444
-3.1560499
-3.3895752
-3.2234736
-1.8231201
-1.1636548
-3.0841441
-3.4684706
-2.2535895
-4.6813814
-1.6154819
2.3887986
1.2497366
-2.6735897
2.7282927
-1.9453239
1.8350384
-1.9330246
-1.379262
-2.1410037
-1.9402185
-0.71816642
-2.6673556
-2.1930254
-2.4350968
-2.0412039
-2.7971474
-1.7201017
-1.9587086
-2.2889399
-2.8302026
-1.720989
-2.7995658
-2.66318
-2.4147688
-1.725732
-1.4417318
-2.3739098
-3.5049899
1.5132591
-3.3936396
-1.9481209
-2.3920782
-3.2910068
-1.6530353
-2.3063149
-2.0588651
-4.1072088
-1.2793876
-4.2186845
-3.3272202
-4.6811608
-2.9818313
-3.2525938
-3.5333616
-1.8594175
-1.7009036
-1.2729809
-4.0472437
-3.90488
-1.7848969
-1.1519097
-3.6751703
-3.7755829
-3.6899978
-1.104662
-2.8994395
-3.3629398
-2.3662931
1.098798
-3.8601695
-4.6616631
-0.87083582
-1.9419566
-1.8095304
-4.0373501
-2.5591162
-1.7723195
-3.8570407
-3.2927356
-3.1111879
-1.7796115
-2.0085341
1.9438968
-0.63624451
-2.3211926
-1.9206888
-3.2450832
-1.966828
-0.99207931
-1.4368916
-1.8298883
-3.556286
-3.7856389
-3.6372662
3.037183
-3.6488653
-2.0514831
-3.0184885
-1.9033504
-2.8819408
