-2.2615181
-2.5526711
-1.3862318
-4.1151617
-2.0302775
-1.7330918
-0.20715135
-1.6075871
-1.8813863
-2.4632193
-4.0600088
-1.1975705
-2.0103985
-2.2473694
-1.7766305
-1.7534044
-2.1665576
-3.7949609
-0.17990798
-2.0754379
-2.6551992
-1.660752
-1.473181
-2.5536155
-2.3305224
-3.1424314
-2.493584
-2.2180206
-3.6328641
-1.5350237
-2.1749426
-1.4610154
-2.1770379
-2.7486639
-2.5445357
-2.65807
-1.7081703
-1.5638381
-1.837427
-1.9401038
-1.8718035
-2.4135333
-2.0189788
-2.0642519
-1.8182209
-1.5967123
-1.2746485
-1.9970379
-1.8426231
-2.2494214
-3.444782
-1.6996521
-2.3262892
-1.547319
-1.0170686
-1.8900263
-1.9448835
-1.3440079
-2.8698155
-1.3055042
-3.6238586
1.3386597
-1.3331135
-1.276739
-2.494784
-1.709476
-2.1322766
-2.5120185
-2.2937501
-3.147967
-3.517996
-3.9698093
-3.8780107
-1.9176498
-1.2154327
-2.2580815
-1.8679648
-1.2918783
-1.4232352
-2.0199463
-2.7773589
-2.6935296
-3.8810291
-3.1434519
0.93490195
-1.1644293
-2.4175237
-3.1379545
-2.1267612
-1.582344
-1.5380483
-2.2958149
-1.1661056
-2.6075555
-1.6634514
-1.4225175
-1.0396227
-2.1517245
-2.6913325
-2.439085
-1.438842
-2.7589493
-1.9003353
-2.1997837
-1.2042734
-1.8291715
-1.9861004
-1.1553366
-2.1638792
-2.2433157
2.1853325
-1.6298634
-2.2655708
-1.8577717
-2.1461101
-1.6151523
-1.4949879
-1.9577322
-1.4367281
0.0078499536
-2.516901
-0.70938628
-2.3105249
-2.2496892
-1.7832729
-1.5986756
-2.3581213
-2.5252514
1.85478
-2.3634301
-2.7758855
-2.6981973
-2.841812
-3.2516838
2.0560811
-1.9184066
-2.4405947
-1.7472394
-1.9146193
-1.419777
-2.0638662
-2.8741939
-1.2802815
-1.3936343
-2.9592834
-1.6148967
1.93325
-2.390715
-2.6903728
-0.84717911
-1.7066791
-0.50248137
-1.4803152
-1.0099179
-1.6267043
-1.8924594
-2.3408047
-3.0284176
-3.2569081
-1.9919088
-1.0553104
-3.727945
-3.7377064
-2.500613
-1.6520191
-1.7213093
-2.2302113
-1.5997718
-1.449297
-2.2598645
-2.0995877
-1.7445399
-1.6883019
-1.3660545
-2.2764986
-1.8518056
-1.5496263
0.78450814
-1.5595256
1.2631216
-1.5041993
1.8989997
-1.644864
-4.1447578
1.5083065
-2.6361655
-3.0783248
-2.8558308
-2.8947667
-1.0954345
-1.0460198
-1.2732428
-1.7009856
-0.68067741
-2.9251776
-1.3409094
-1.6472665
-3.0877732
-1.6590848
-1.6965056
-1.3361818
-2.5199245
-1.785457
-1.5122477
-1.3830012
-1.6128238
-1.6500446
-1.4866786
-2.8398125
-2.0932101
-2.0296153
-0.73832487
-1.9225763
-1.3704499
-1.1980183
-2.7078632
-2.8023853
-2.2052254
-1.9809122
-1.3766009
-3.5729968
-2.2902587
-1.1656824
-2.8912079
-1.4623141
-2.235613
1.9815774
-2.1801956
-1.4700507
-2.4949276
-1.4835165
-1.5192623
1.8108536
0.85894363
-2.5089451
-1.9636955
-2.2783096
-2.907868
-2.9239154
-1.4584227
-2.1846364
-0.3262047
2.5838316
-2.6399364
-1.1835669
-1.796306
-2.7394968
-2.1627725
-2.2897566
-1.5339606
-1.7558851
-1.5832373
-2.6064193
-1.9073086
-3.318382
-2.5986121
-2.2548255
1.1933897
-4.3545573
-1.9716051
1.7891449
-1.0282158
-3.2324792
-2.9340774
-0.75124865
-1.6027074
1.0662523
-1.7852676
0.3966258
-3.0742224
-1.7286326
-3.8095788
-1.3926335
-1.4442935
-1.8172559
-2.8602671
-1.8694203
2.0955203
-1.5227278
-1.5749472
-1.8144637
-2.0783126
-1.2489961
-2.3395816
-1.8802205
-2.1142006
-1.8031088
-1.7707911
-1.6080825
-0.50257956
0.99507292
-2.1763739
-2.0926019
-2.6669803
-2.0660006
-1.768314
-3.7427352
-3.1931473
-1.1849495
1.3373521
-2.1824202
-2.7756917
-1.4009148
-0.64736592
-1.6138781
-2.4396505
-2.3958232
-2.2820944
-0.12334355
-2.4938651
-1.3205162
-3.1466843
-3.3358823
-2.6805559
-1.4944526
-2.165757
-1.8220174
-1.7815917
-2.3172577
-1.2051853
-0.52466534
-1.1373783
-1.8287146
-1.3733872
-1.2094498
-0.9899543
-2.5848969
-4.3517949
-0.92938444
-1.650709
-1.5680028
-1.5257458
-1.8527137
-1.5532071
-2.1879377
-1.2340571
-1.7748417
-3.193234
0.9041116
-2.4817978
-1.5374585
-1.5400549
-1.5173176
-1.7736615
1.5364069
-2.1994007
-2.3088195
-0.69764572
-1.6088749
-1.6316526
-1.5441398
-2.5139049
-2.2943348
-1.8860168
-1.4159712
1.7165844
-2.1319804
-1.6089248
-1.7497166
-0.83812435
-1.9155168
-2.2727732
-1.5246991
-1.7666942
-2.327078
-2.4519364
-1.216016
-1.4431158
-1.8712742
-1.658371
-3.1623661
-2.3776641
-2.323468
1.4109126
1.8337423
-2.6151885
-2.3243856
-1.5313977
-1.4215067
-1.9423448
-2.4958295
-1.7199018
-2.1006845
-2.5901092
-2.7287582
-1.4504197
-2.0192674
-0.97326463
-1.8722724
-1.6971745
-2.6429094
1.4356703
-3.0901189
-1.618681
-1.4291134
-1.2369021
-2.9745451
-1.6474952
-1.6345387
-3.7381101
-2.7013452
1.5048884
-1.0130358
0.3835892
-1.047505
-1.2278968
-1.3356101
-2.6099962
-2.3861761
-1.1204847
-3.3225889
-1.8177429
-2.0907024
-3.3854018
-1.4521519
-2.9178481
-1.5722828
-1.9105668
-2.1574158
-1.5198768
-1.2885428
-3.1222571
-1.9620469
-2.8894288
-3.6444567
-2.7205201
-2.3234356
-1.3791872
-1.1696624
2.3230538
-1.2819152
1.3469676
-2.3111654
-0.91812825
-1.6793139
0.43938252
1.887292
-2.6333923
-2.9732466
-2.1276842
-3.9238511
-2.6138344
-2.3648332
-1.693398
-0.089819541
-1.893097
-1.8273562
-2.3257939
-0.36267126
-2.6338315
-2.3309776
-2.8988111
-2.0819203
-2.0758187
-1.752403
-1.5186921
-1.7456093
-1.7708927
2.3642864
-2.9371465
-1.8172423
-2.3594207
-1.370898
-2.4151936
-1.5644798
1.0247891
1.6298894
-1.7847903
-1.8771527
-1.5650356
1.3932805
-2.2037551
-2.0532202
-1.7693329
1.8226176
-1.5395388
-1.6095619
-3.0858296
-1.4868437
-0.85950641
-1.3689151
-1.7641241
-3.4688085
-1.3963249
-2.4699495
-3.3221982
1.4451632
-2.0024174
-1.769406
-1.298882
-3.0296126
-2.7247915
-1.2106713
-2.2734154
-3.4000498
-1.0890312
-1.6515506
-0.79818324
-1.0973077
-1.1910216
