-3.3926743
-2.1425115
-1.9090045
-1.8444472
-2.3751726
-2.9346847
-2.6599127
-3.3052687
-0.65656145
-3.6436474
-3.1802549
1.8310729
-4.0523623
-2.5571867
-2.8106559
-2.3041928
-2.9791486
-3.4032622
-2.2438687
-2.9943683
-4.6428107
1.1200567
2.0959591
-2.0669769
-2.0619998
-1.5236895
-3.7059741
-3.1689031
-4.0462015
-2.4726147
-3.5870699
-2.290842
-3.6561398
-1.5491798
-3.7303866
-2.5905531
-2.999902
-2.9074759
-1.9651664
-2.3094717
-1.9693477
-2.8780089
-2.9660547
-1.7903283
-2.2226064
-1.7682642
-3.2081301
-1.3744139
-4.0770257
-2.895155
1.7994856
-3.0785837
-2.5225932
-2.0561121
1.9952581
-2.3164005
-2.7723644
-2.6334043
-3.8463559
-2.8386486
-3.9971605
-2.8301789
-1.4435715
-3.0871959
-3.5711098
-2.5047467
1.345929
-2.5572253
-4.2364316
-2.1228247
-3.2245111
-2.7600756
-2.5631113
-4.4350236
-2.6691438
-3.7998126
-3.4908935
-1.7916816
-3.0604332
-3.970336
-4.0846188
1.5831246
-3.1687181
-4.0514704
-1.9811149
-2.7525849
-4.3756632
-2.0308373
2.0517744
-1.6353623
-4.8401906
2.4892473
-2.2545106
-5.1835335
-2.6175222
-1.3053673
-2.862421
-2.7748618
1.636984
-3.7950934
1.5760416
-1.7629491
-4.281332
-2.8211881
-2.4510161
-3.2577409
-1.8581205
-1.0525258
-3.2904886
-1.679427
-2.5955558
-3.9856995
-2.6130418
-3.6239404
-2.554925
-1.9997549
-2.3836361
-2.9147655
-2.9835411
-1.9221933
-3.7967097
-1.1430272
-2.7497289
1.5908784
-2.6510142
-2.6911242
-2.0282623
-3.0888511
-3.8718295
-3.4012913
2.5052292
2.5741308
-3.464378
-3.2670456
-3.4594828
-2.4494137
-3.1984641
-2.3638704
2.3978808
-2.0772882
2.0492574
-4.2331072
-3.7487012
-2.2835826
-3.8077858
-2.3029903
-2.4868502
-2.566602
-1.9884195
-2.0841222
-2.9547786
-3.9318676
-3.0122437
-2.4622968
-2.0699706
-2.6254758
1.4886806
-2.5129431
-3.531805
-1.7677902
-1.9934373
2.041028
-4.1383705
-2.8757267
1.3922723
-2.5751214
-2.2724204
-1.4057818
-2.2997104
-3.1953304
-3.0601266
-3.9817572
-2.8049292
-3.4803815
-2.2535689
-2.2238266
-1.8889701
-1.5829483
-2.9278108
-3.7129525
-3.0747146
-2.5954935
-2.1879826
-2.4009045
-2.1680488
-1.7673411
-3.9442519
-2.933919
-3.6426541
-2.1843936
-2.9992926
-2.5336835
-2.6249078
-2.5347526
-4.1721627
-1.1461331
-1.8434159
2.344294
-3.4664142
-4.0321604
-3.5196131
2.231333
-2.5520662
-1.765858
-1.8561327
-2.1663126
-3.3389522
-1.7769269
-2.2143115
-3.9829585
-1.9548829
-3.6671876
-3.5550825
-2.6639119
-4.4338827
-2.5135794
-3.6755031
0.77859731
-3.7044826
-2.8796277
-4.3525783
-1.9998449
-2.2630548
-3.9142458
-1.853405
-2.8174606
-3.2552405
-1.6705146
-2.4942705
-3.0615242
-2.7254745
-3.214073
-1.954421
-4.5753007
-3.3728118
-3.0228803
-2.3807739
-2.0357424
-2.3641955
-2.4283629
-3.2870774
-3.178863
-2.2776096
-2.1491491
-1.9668956
-0.84646252
-2.3630526
-0.38641489
-2.6997297
-2.5455903
-4.1222683
-1.706519
-3.6669287
-2.9628003
-3.8192746
-3.3822213
-2.9161534
-1.3562766
-2.4643938
0.37362073
-3.0209791
-3.4213161
-4.1091929
-3.7761236
-3.6470756
-2.7462724
-1.7587851
-2.7239932
-2.8485323
-1.3896325
-3.6427735
-1.8542775
-2.5413202
-4.2323534
-3.3996039
-3.0430014
-2.7844018
-3.1820819
-2.481565
-2.453326
-2.63935
-3.3437625
-3.1076287
-3.4429537
-2.9594918
-2.0975323
1.5692572
-2.5965081
-1.7905152
-1.7983206
-2.1220595
-2.0483355
-3.6365432
-2.6606358
-3.1631154
-3.7813276
-2.7956935
-1.3039073
-2.613448
-3.7986312
-1.1296102
-3.3826031
-2.3519417
-0.59734997
-2.9203023
-1.9548406
-3.2519759
-3.4625107
-2.9506151
-2.4249945
-2.8555535
-2.9849997
-2.3105277
-2.0285509
-2.7266815
-3.3463631
1.5858381
-1.8438053
-2.2917165
-1.6887347
-3.9225826
-3.7448337
-4.3871986
-4.0373838
-1.7361511
-1.4848621
-0.91761823
-2.1290479
-3.4974325
-2.8767714
-2.5903643
-2.3657866
-3.2665872
-3.5866943
-3.6238576
-3.1040613
-4.0127184
-3.4159727
-2.456696
1.4260539
-2.0296892
0.50306828
-3.0198805
-3.5709462
-2.4015448
-3.5872323
-3.3556832
-2.4410119
-1.3862991
-3.5344498
-3.2557125
-2.8769719
-3.0223705
2.074895
-2.0987707
-1.3521344
-3.7936359
-2.0591141
-3.3544044
-3.6594624
-1.9757969
2.5418561
-3.3607615
-2.2805189
-2.5477363
-1.7713105
1.0150755
-2.7845876
1.9009202
-3.6786813
-3.777464
-1.7721795
-2.1226718
-2.9213642
-3.4279014
-2.7022123
-3.3089703
-2.2615936
-2.5517337
-3.1508896
-1.3354321
-1.7683868
-3.4723165
-2.9316524
2.4346053
-2.7866692
1.1888171
-1.190047
-2.6232653
-3.6875591
-1.5800779
-2.2821244
2.320691
-2.5173659
-2.4970306
-2.6197878
-2.510425
-2.837349
-2.575581
-2.5061353
-3.1748683
-3.2723127
-2.8724375
-2.2237286
-3.0094792
-3.1611218
-1.595651
-3.4695073
-2.735519
-2.0494528
-4.2897608
-3.6518324
-4.9422714
-5.1924846
-3.0232915
-4.0470088
-2.288989
-3.8609133
-2.7152205
-2.3070449
-1.4894002
-3.227887
-3.8563204
-2.9842129
-2.0001462
-1.2659058
-2.8358724
-2.3684475
-2.3287268
-2.091384
-1.8971704
-2.6137349
-1.8709181
-2.9701763
-3.3440697
-3.6262045
-2.4355861
-3.9714079
-4.2212759
1.7851971
-3.566863
-1.7883659
-3.5070014
-1.9465014
-3.4908277
-0.028106411
1.0211319
-2.799257
-4.2765152
-3.6293975
-4.7052556
-4.1771829
-2.2902659
-2.5645744
-3.7926499
-2.6206845
-2.4463997
0.96037264
-2.933121
-2.1579622
-4.0132644
1.8205185
1.5561664
2.6147309
-3.8682415
-4.307107
-2.674593
-2.8691219
-4.2046079
-3.5424466
-2.8032357
-2.6723648
2.0327309
-2.1294816
-3.1355737
-2.6022075
-2.3641806
-2.5469308
-1.104287
-3.1368534
-2.1821935
-3.7180579
-3.4064412
-2.8090487
-2.0937457
-2.1139661
-2.7718589
-3.4140009
-3.2426734
-2.3725952
-0.82442973
-2.5657372
-3.1231635
-3.6730228
-4.1022076
-2.4784478
-2.6612134
-2.7842083
-1.4938993
1.3172272
