-3.0469475
-2.5398606
-1.5162312
-2.5921615
-2.7594304
-2.6155549
-1.6075837
-1.8301499
0.41230283
-3.7987019
-2.1330799
-1.9600932
-2.7926996
-3.0639966
-2.4680733
1.2388038
-3.1592718
-3.0462214
-1.7652179
-2.4953122
-2.4712066
-1.2386411
-1.9324238
2.2329387
-1.6456651
-3.7578041
-2.3072606
-2.3378552
-2.9249249
-1.817828
-2.9595592
-1.9015346
-2.3967236
-1.9510016
-4.0297959
-1.8608331
-3.2978891
-1.9968825
-2.2706423
-2.8013797
-1.514348
-2.5795842
-3.3455697
-1.518567
-1.5910454
1.5164237
-2.3595777
-1.6677068
-2.5619516
-3.3363209
-2.0689062
-1.8776708
1.2742042
1.2876304
-1.0848411
-1.8001182
-2.1743162
-2.1068633
-3.0122015
1.341474
-2.2108406
-2.0190644
-0.64661606
-2.69686
-3.9573096
-0.88674172
-2.6254829
-2.1803
-2.7557431
-2.3869491
-2.7565371
-3.6785371
-2.7157859
-3.7595718
-1.7572505
-3.070629
-1.6320249
-2.332267
-2.8188718
-3.5042785
-2.3365577
-1.5342798
-3.1631965
-2.642131
-2.1178885
-2.4098759
-3.3977642
-2.110564
-3.1898146
-2.1726499
-2.2243372
-2.3474042
-1.8768952
-2.1508388
-2.9162136
-2.6993546
-1.7295338
-3.7857049
-1.7706435
-3.3152913
-2.0167314
-2.4474675
2.1612308
-2.7047943
-0.10220401
-2.4947566
-3.0357598
-2.3851398
-2.0425154
-2.5398113
-3.2844194
-3.5421699
-1.6350703
-3.5571447
-3.4342596
-2.263198
-2.5808828
-2.5740088
-2.349953
-3.4125352
1.9086557
-2.6515851
-2.2032881
-2.2771998
-2.3976961
-2.4901976
-1.0336232
2.9837054
-2.5382383
2.6949482
-2.5582271
-1.6537237
2.9899807
-4.0126765
-2.6489548
-2.8353045
-1.9814351
-2.4714887
-2.6833649
-3.8455378
-2.1410921
-2.5361944
-2.3840246
-2.47575
-2.779014
-1.4368756
-2.9797359
-4.1683495
-2.7006918
-0.83387104
-2.4617724
-1.3734661
1.4134986
1.4436903
-1.9650574
1.7685639
-1.9999131
-2.2665879
-1.9592461
-1.8171309
-2.8104434
-2.1628356
3.3872097
-3.310569
-2.6445031
2.8801072
-2.0823375
0.77748061
-2.134118
-2.2213017
-1.8399965
-3.7483435
-3.8058332
-0.9737616
-2.7867407
-1.1905074
-1.6159621
-1.7844903
-2.2700659
-3.0063348
-2.4367104
-2.430089
1.9218025
-3.4086392
-2.8718411
-3.6614802
-4.4800696
1.2730948
-2.1295146
-1.4973057
-3.5462585
-1.6846245
-2.6723038
-2.2150476
-1.5799042
-0.65739284
-2.4666332
-2.0555628
-2.4513133
-3.9160333
-1.5769986
-2.7872844
-2.662867
-1.5159477
-1.7603122
-1.4331181
-1.9022927
1.3790751
-2.1610388
-1.617567
-2.27168
0.96433706
-2.0943738
-2.5643077
-2.8085964
-2.9971496
-2.9664333
-0.10836678
1.7519516
1.3029387
-2.6049952
-2.7441329
-2.3077702
-3.7668218
-1.1196452
-2.1379679
-2.0366968
-1.3427105
-2.1796091
-2.2798641
-1.374201
-2.0107105
-1.2215228
-3.2477591
-2.4873989
-2.6479862
-3.2314292
-2.9051522
-3.2567879
-1.9689091
1.8709773
-1.3256249
-3.6059577
-2.3073553
-2.5616385
-1.1997592
-2.2672693
-2.095641
-3.3591498
-3.2305916
-2.188151
-1.0479124
-2.9228871
1.9613191
-2.587268
-3.0708686
-3.9976538
-2.9168904
-3.5164293
-1.3390483
-2.0511161
1.3725049
-2.9538744
-3.0469963
-2.5364363
-2.9935533
-1.5313474
-3.2230309
-1.5720747
-2.4466668
-2.2942835
-2.2829826
-2.0177499
-3.0242498
-2.5819054
-3.0087727
-3.0932453
-3.4438206
-2.4103565
-1.9612473
-4.5228516
-4.4137882
-3.0473085
1.8368066
-1.8891065
-3.0402484
-1.5534533
-2.8487689
-1.9315618
1.2063575
-1.2063993
-3.2825036
-2.3209133
-2.4422406
-1.6095217
-2.3558579
-3.7714909
-2.0015916
-3.3821918
-1.961417
-2.7477662
-3.1222911
-2.4344541
-2.2687562
-2.6685319
-1.637096
-3.3540724
-3.3299938
-3.2177367
-2.0997022
-1.2604294
-2.6802648
-3.9889608
-1.2152351
-1.9237411
-2.8983309
-1.2978964
2.7167097
-3.2319649
1.5520688
-1.8589395
-3.2356539
-2.6021857
-2.4763976
-1.0637434
-2.5957978
-1.8676118
-3.5658644
-3.3019674
-2.6233653
-2.1665495
-3.4116608
-2.7168854
1.6874202
-1.9419753
-1.4982587
-2.7067338
-2.7919566
-1.9209129
-0.67859925
0.3015061
-1.5109323
-2.3234442
-2.0203454
-1.1477898
-3.0487323
-1.9389598
1.2528669
-2.3250375
-2.9658635
-2.0734107
2.2683498
1.4720537
-2.574861
-2.5208193
-2.4294732
3.0282647
-1.3568476
-2.4645676
-2.8346547
-2.2950273
-2.5340714
-3.014667
-2.9434159
2.5780086
-2.0804708
-1.6719703
0.96211457
-1.6474794
-1.3502628
-3.1029606
-3.5690145
-1.2590223
-3.0335246
-2.6766605
2.9424782
-2.1501271
-2.1699824
-2.5421854
-2.5690218
-1.5789351
-2.416438
-2.2922787
-2.0346995
-2.3190052
-1.9870618
-1.061453
-1.9671721
-2.4507144
-3.1050057
-2.9681938
-2.0577115
-2.3456304
-2.3523135
-1.9862845
2.0598538
-3.2861835
2.0038265
-1.4656399
-2.2588832
-3.334562
-2.5804227
-1.0339139
-1.2732262
-3.2730656
-1.4278346
1.311826
-1.5114786
-1.9439618
-1.8004769
-3.1494665
-2.6590622
1.1984075
-3.0106906
-2.3188213
-2.5342918
-2.5290912
-2.9214268
-2.7693496
-1.8960149
-1.8688404
-1.0941361
-3.3911822
-2.791041
-1.6535066
-2.8132961
-1.9782534
-1.8589983
-2.0267491
-1.6154319
-2.1361459
-1.3712826
-0.8928155
2.1411781
-2.8201263
-2.1858134
-2.3431055
-2.2963892
-2.3935255
-1.0633103
-2.4686346
-3.6594668
-2.5198803
-0.30097184
-3.8003506
-1.3140228
-1.4676035
-2.4055456
-1.8192303
0.3666929
-1.3258585
-3.3312091
-2.2581625
-2.0993783
-2.6099121
-3.0283563
-1.4375613
-0.84763806
-2.971918
-2.551713
0.36685458
-2.5042749
-0.73764578
-2.4872704
-3.8175598
-1.5269922
-3.1983967
-3.2275791
-4.2599635
1.6215943
-3.0010312
-2.2314231
-3.056352
-1.3130987
-2.288133
-2.1488242
-2.4996554
-3.2458753
0.6261115
-1.3970457
-1.8746729
-3.135046
-2.0262523
1.7426837
-2.6053466
-1.566117
-2.2142753
-2.1714585
-3.4369189
-1.8835311
-2.7291829
1.6558269
-2.8564664
-2.660174
-3.7903503
-2.0339459
-2.4824946
-2.4765974
-3.0445511
-1.1873166
